0 0 -4.20911e-05 0 0
0.05 0 -4.20911e-05 0 0
0.1 0 -4.17064e-05 0 0
0.15 0 -4.10864e-05 0 0
0.2 0 -4.0192e-05 0 0
0.25 0 -3.9039e-05 0 0
0.3 0 -3.76335e-05 0 0
0.35 0 -3.5985e-05 0 0
0.4 0 -3.41047e-05 0 0
0.45 0 -3.20046e-05 0 0
0.5 0 -2.96988e-05 0 0
0.55 0 -2.72021e-05 0 0
0.6 0 -2.45308e-05 0 0
0.65 0 -2.17017e-05 0 0
0.7 0 -1.87331e-05 0 0
0.75 0 -1.56433e-05 0 0
0.8 0 -1.24519e-05 0 0
0.85 0 -9.17844e-06 0 0
0.9 0 -5.84341e-06 0 0
0.95 0 -2.46715e-06 0 0
1 0 9.29546e-07 0 0
1.05 0 4.32591e-06 0 0
1.1 0 7.70117e-06 0 0
1.15 0 1.10346e-05 0 0
1.2 0 1.43058e-05 0 0
1.25 0 1.74944e-05 0 0
1.3 0 2.0581e-05 0 0
1.35 0 2.35461e-05 0 0
1.4 0 2.63712e-05 0 0
1.45 0 2.90384e-05 0 0
1.5 0 3.15309e-05 0 0
1.55 0 3.38324e-05 0 0
1.6 0 3.59284e-05 0 0
1.65 0 3.7805e-05 0 0
1.7 0 3.94499e-05 0 0
1.75 0 4.08523e-05 0 0
1.8 0 4.20027e-05 0 0
1.85 0 4.28951e-05 0 0
1.9 0 4.35136e-05 0 0
1.95 0 4.38976e-05 0 0
2 0 4.38976e-05 0 0

0 0.05 -4.20911e-05 0 0
0.05 0.05 -4.20911e-05 -1.46875e-07 1.99792e-07
0.1 0.05 -4.17064e-05 -3.9681e-07 1.97934e-07
0.15 0.05 -4.10864e-05 -6.11369e-07 1.94753e-07
0.2 0.05 -4.0192e-05 -8.29578e-07 1.90084e-07
0.25 0.05 -3.9039e-05 -1.0401e-06 1.84224e-07
0.3 0.05 -3.76335e-05 -1.24349e-06 1.77006e-07
0.35 0.05 -3.5985e-05 -1.43811e-06 1.68776e-07
0.4 0.05 -3.41047e-05 -1.62278e-06 1.5932e-07
0.45 0.05 -3.20046e-05 -1.79637e-06 1.49062e-07
0.5 0.05 -2.96988e-05 -1.95788e-06 1.37749e-07
0.55 0.05 -2.72021e-05 -2.10641e-06 1.25838e-07
0.6 0.05 -2.45308e-05 -2.24118e-06 1.13065e-07
0.65 0.05 -2.17017e-05 -2.36153e-06 9.98764e-08
0.7 0.05 -1.87331e-05 -2.46687e-06 8.60243e-08
0.75 0.05 -1.56433e-05 -2.55677e-06 7.19076e-08
0.8 0.05 -1.24519e-05 -2.63081e-06 5.73224e-08
0.85 0.05 -9.17844e-06 -2.68873e-06 4.25879e-08
0.9 0.05 -5.84341e-06 -2.73028e-06 2.75724e-08
0.95 0.05 -2.46715e-06 -2.75533e-06 1.2495e-08
1 0.05 9.29546e-07 -2.76375e-06 -2.68297e-09
1.05 0.05 4.32591e-06 -2.75556e-06 -1.7851e-08
1.1 0.05 7.70117e-06 -2.73073e-06 -3.29417e-08
1.15 0.05 1.10346e-05 -2.68939e-06 -4.79506e-08
1.2 0.05 1.43058e-05 -2.63166e-06 -6.27012e-08
1.25 0.05 1.74944e-05 -2.55779e-06 -7.72827e-08
1.3 0.05 2.0581e-05 -2.46804e-06 -9.14172e-08
1.35 0.05 2.35461e-05 -2.36281e-06 -1.05267e-07
1.4 0.05 2.63712e-05 -2.24254e-06 -1.18473e-07
1.45 0.05 2.90384e-05 -2.10782e-06 -1.31246e-07
1.5 0.05 3.15309e-05 -1.95931e-06 -1.43174e-07
1.55 0.05 3.38324e-05 -1.79778e-06 -1.54486e-07
1.6 0.05 3.59284e-05 -1.62414e-06 -1.64759e-07
1.65 0.05 3.7805e-05 -1.43939e-06 -1.74214e-07
1.7 0.05 3.94499e-05 -1.24467e-06 -1.82455e-07
1.75 0.05 4.08523e-05 -1.04114e-06 -1.89673e-07
1.8 0.05 4.20027e-05 -8.30465e-07 -1.95541e-07
1.85 0.05 4.28951e-05 -6.12072e-07 -2.00211e-07
1.9 0.05 4.35136e-05 -3.97368e-07 -2.03397e-07
1.95 0.05 4.38976e-05 -1.47165e-07 -2.05296e-07
2 0.05 4.38976e-05 0 0

0 0.1 -4.22849e-05 0 0
0.05 0.1 -4.22849e-05 -1.48996e-07 5.16038e-07
0.1 0.1 -4.18977e-05 -4.02258e-07 5.11243e-07
0.15 0.1 -4.12745e-05 -6.19579e-07 5.02893e-07
0.2 0.1 -4.03751e-05 -8.40596e-07 4.90931e-07
0.25 0.1 -3.92161e-05 -1.05379e-06 4.75558e-07
0.3 0.1 -3.78032e-05 -1.25968e-06 4.57094e-07
0.35 0.1 -3.61465e-05 -1.45665e-06 4.3553e-07
0.4 0.1 -3.42566e-05 -1.64346e-06 4.11348e-07
0.45 0.1 -3.21464e-05 -1.819e-06 3.84513e-07
0.5 0.1 -2.98293e-05 -1.98226e-06 3.55571e-07
0.55 0.1 -2.7321e-05 -2.13234e-06 3.24474e-07
0.6 0.1 -2.46371e-05 -2.26846e-06 2.91774e-07
0.65 0.1 -2.17954e-05 -2.38995e-06 2.57418e-07
0.7 0.1 -1.88132e-05 -2.49629e-06 2.21919e-07
0.75 0.1 -1.57099e-05 -2.58697e-06 1.85232e-07
0.8 0.1 -1.25045e-05 -2.66167e-06 1.478e-07
0.85 0.1 -9.21713e-06 -2.72006e-06 1.09605e-07
0.9 0.1 -5.86779e-06 -2.76197e-06 7.09973e-08
0.95 0.1 -2.47729e-06 -2.7872e-06 3.20143e-08
1 0.1 9.33766e-07 -2.79572e-06 -7.09586e-09
1.05 0.1 4.34446e-06 -2.78743e-06 -4.6217e-08
1.1 0.1 7.73397e-06 -2.76243e-06 -8.51948e-08
1.15 0.1 1.10816e-05 -2.72073e-06 -1.23819e-07
1.2 0.1 1.43668e-05 -2.66254e-06 -1.62014e-07
1.25 0.1 1.75693e-05 -2.58801e-06 -1.99466e-07
1.3 0.1 2.06693e-05 -2.49747e-06 -2.36156e-07
1.35 0.1 2.36477e-05 -2.39125e-06 -2.71675e-07
1.4 0.1 2.64855e-05 -2.26984e-06 -3.06036e-07
1.45 0.1 2.91652e-05 -2.13377e-06 -3.38755e-07
1.5 0.1 3.16692e-05 -1.98371e-06 -3.69855e-07
1.55 0.1 3.39819e-05 -1.82043e-06 -3.98814e-07
1.6 0.1 3.6088e-05 -1.64483e-06 -4.25649e-07
1.65 0.1 3.79739e-05 -1.45794e-06 -4.49844e-07
1.7 0.1 3.96271e-05 -1.26086e-06 -4.71408e-07
1.75 0.1 4.10368e-05 -1.05484e-06 -4.89881e-07
1.8 0.1 4.2193e-05 -8.41493e-07 -5.05254e-07
1.85 0.1 4.30904e-05 -6.20288e-07 -5.17222e-07
1.9 0.1 4.37121e-05 -4.02825e-07 -5.25573e-07
1.95 0.1 4.40986e-05 -1.49291e-07 -5.30471e-07
2 0.1 4.40986e-05 0 0

0 0.15 -4.25181e-05 0 0
0.05 0.15 -4.25181e-05 -1.52235e-07 7.79637e-07
0.1 0.15 -4.21276e-05 -4.10667e-07 7.72288e-07
0.15 0.15 -4.15e-05 -6.32047e-07 7.5967e-07
0.2 0.15 -4.05946e-05 -8.57409e-07 7.41398e-07
0.25 0.15 -3.94278e-05 -1.07456e-06 7.18193e-07
0.3 0.15 -3.80061e-05 -1.28427e-06 6.90027e-07
0.35 0.15 -3.63387e-05 -1.48472e-06 6.57509e-07
0.4 0.15 -3.44374e-05 -1.67477e-06 6.20675e-07
0.45 0.15 -3.23143e-05 -1.85322e-06 5.80245e-07
0.5 0.15 -2.9984e-05 -2.01909e-06 5.36238e-07
0.55 0.15 -2.7461e-05 -2.17147e-06 4.8942e-07
0.6 0.15 -2.47625e-05 -2.30957e-06 4.39793e-07
0.65 0.15 -2.19049e-05 -2.43279e-06 3.88097e-07
0.7 0.15 -1.89072e-05 -2.54053e-06 3.34328e-07
0.75 0.15 -1.57875e-05 -2.63241e-06 2.79141e-07
0.8 0.15 -1.25658e-05 -2.708e-06 2.22549e-07
0.85 0.15 -9.26165e-06 -2.76713e-06 1.65089e-07
0.9 0.15 -5.89575e-06 -2.80949e-06 1.06818e-07
0.95 0.15 -2.48836e-06 -2.83506e-06 4.81418e-08
1 0.15 9.39446e-07 -2.84362e-06 -1.08067e-08
1.05 0.15 4.36694e-06 -2.83529e-06 -6.97456e-08
1.1 0.15 7.77323e-06 -2.80995e-06 -1.28437e-07
1.15 0.15 1.11374e-05 -2.76781e-06 -1.86706e-07
1.2 0.15 1.44392e-05 -2.70887e-06 -2.44186e-07
1.25 0.15 1.7658e-05 -2.63345e-06 -3.00779e-07
1.3 0.15 2.07742e-05 -2.54172e-06 -3.55987e-07
1.35 0.15 2.37681e-05 -2.4341e-06 -4.09758e-07
1.4 0.15 2.66215e-05 -2.31096e-06 -4.61475e-07
1.45 0.15 2.93157e-05 -2.1729e-06 -5.11101e-07
1.5 0.15 3.18341e-05 -2.02054e-06 -5.57936e-07
1.55 0.15 3.41599e-05 -1.85465e-06 -6.01939e-07
1.6 0.15 3.62787e-05 -1.67615e-06 -6.42381e-07
1.65 0.15 3.81759e-05 -1.48601e-06 -6.79208e-07
1.7 0.15 3.98395e-05 -1.28545e-06 -7.11732e-07
1.75 0.15 4.12579e-05 -1.07561e-06 -7.39891e-07
1.8 0.15 4.24219e-05 -8.58303e-07 -7.631e-07
1.85 0.15 4.33252e-05 -6.32758e-07 -7.81369e-07
1.9 0.15 4.39511e-05 -4.11234e-07 -7.93989e-07
1.95 0.15 4.43409e-05 -1.52535e-07 -8.01486e-07
2 0.15 4.43409e-05 0 0

0 0.2 -4.28758e-05 0 0
0.05 0.2 -4.28758e-05 -1.5709e-07 1.06855e-06
0.1 0.2 -4.24801e-05 -4.22965e-07 1.05846e-06
0.15 0.2 -4.18463e-05 -6.50469e-07 1.04098e-06
0.2 0.2 -4.09312e-05 -8.82074e-07 1.01591e-06
0.25 0.2 -3.97531e-05 -1.10516e-06 9.8379e-07
0.3 0.2 -3.8317e-05 -1.32036e-06 9.45175e-07
0.35 0.2 -3.66341e-05 -1.526e-06 9.00228e-07
0.4 0.2 -3.47146e-05 -1.72072e-06 8.49784e-07
0.45 0.2 -3.25725e-05 -1.90344e-06 7.93996e-07
0.5 0.2 -3.0221e-05 -2.07309e-06 7.33799e-07
0.55 0.2 -2.76766e-05 -2.22878e-06 6.69326e-07
0.6 0.2 -2.49546e-05 -2.36978e-06 6.01516e-07
0.65 0.2 -2.20738e-05 -2.49542e-06 5.30476e-07
0.7 0.2 -1.90513e-05 -2.60525e-06 4.57069e-07
0.75 0.2 -1.59072e-05 -2.69875e-06 3.81389e-07
0.8 0.2 -1.266e-05 -2.77573e-06 3.04168e-07
0.85 0.2 -9.33068e-06 -2.83579e-06 2.25515e-07
0.9 0.2 -5.93896e-06 -2.87892e-06 1.46008e-07
0.95 0.2 -2.50604e-06 -2.90482e-06 6.58073e-08
1 0.2 9.47586e-07 -2.91361e-06 -1.46599e-08
1.05 0.2 4.40078e-06 -2.90506e-06 -9.51412e-08
1.1 0.2 7.83265e-06 -2.87939e-06 -1.75337e-07
1.15 0.2 1.12225e-05 -2.83648e-06 -2.54866e-07
1.2 0.2 1.45494e-05 -2.77661e-06 -3.33522e-07
1.25 0.2 1.77934e-05 -2.69981e-06 -4.1077e-07
1.3 0.2 2.0934e-05 -2.60645e-06 -4.86456e-07
1.35 0.2 2.39524e-05 -2.49674e-06 -5.5989e-07
1.4 0.2 2.68288e-05 -2.37118e-06 -6.30934e-07
1.45 0.2 2.95461e-05 -2.23023e-06 -6.98767e-07
1.5 0.2 3.20858e-05 -2.07454e-06 -7.63239e-07
1.55 0.2 3.44326e-05 -1.90488e-06 -8.23451e-07
1.6 0.2 3.65701e-05 -1.7221e-06 -8.79233e-07
1.65 0.2 3.84852e-05 -1.52729e-06 -9.29685e-07
1.7 0.2 4.01642e-05 -1.32154e-06 -9.74623e-07
1.75 0.2 4.15967e-05 -1.1062e-06 -1.01324e-06
1.8 0.2 4.27719e-05 -8.82971e-07 -1.04535e-06
1.85 0.2 4.36847e-05 -6.51177e-07 -1.07043e-06
1.9 0.2 4.43168e-05 -4.2354e-07 -1.0879e-06
1.95 0.2 4.47117e-05 -1.57392e-07 -1.0982e-06
2 0.2 4.47117e-05 0 0

0 0.25 -4.33343e-05 0 0
0.05 0.25 -4.33343e-05 -1.63361e-07 1.35792e-06
0.1 0.25 -4.2932e-05 -4.39257e-07 1.34492e-06
0.15 0.25 -4.22898e-05 -6.74596e-07 1.32263e-06
0.2 0.25 -4.13628e-05 -9.14603e-07 1.29039e-06
0.25 0.25 -4.01691e-05 -1.14529e-06 1.24945e-06
0.3 0.25 -3.87155e-05 -1.36783e-06 1.19989e-06
0.35 0.25 -3.70114e-05 -1.58011e-06 1.14268e-06
0.4 0.25 -3.50696e-05 -1.78101e-06 1.07806e-06
0.45 0.25 -3.29019e-05 -1.96921e-06 1.00716e-06
0.5 0.25 -3.05243e-05 -2.14376e-06 9.30223e-07
0.55 0.25 -2.7951e-05 -2.30375e-06 8.48425e-07
0.6 0.25 -2.52004e-05 -2.44842e-06 7.61974e-07
0.65 0.25 -2.22886e-05 -2.57724e-06 6.71985e-07
0.7 0.25 -1.92356e-05 -2.68961e-06 5.78629e-07
0.75 0.25 -1.60592e-05 -2.78531e-06 4.82881e-07
0.8 0.25 -1.27804e-05 -2.86388e-06 3.84893e-07
0.85 0.25 -9.41828e-06 -2.92529e-06 2.85458e-07
0.9 0.25 -5.99429e-06 -2.9692e-06 1.8475e-07
0.95 0.25 -2.52847e-06 -2.99573e-06 8.33714e-08
1 0.25 9.57762e-07 -3.00457e-06 -1.84283e-08
1.05 0.25 4.44367e-06 -2.99597e-06 -1.20218e-07
1.1 0.25 7.90824e-06 -2.96968e-06 -2.21619e-07
1.15 0.25 1.13304e-05 -2.92599e-06 -3.22327e-07
1.2 0.25 1.46897e-05 -2.86478e-06 -4.21794e-07
1.25 0.25 1.79653e-05 -2.78639e-06 -5.19789e-07
1.3 0.25 2.11378e-05 -2.69084e-06 -6.15572e-07
1.35 0.25 2.41865e-05 -2.57857e-06 -7.08936e-07
1.4 0.25 2.70936e-05 -2.44984e-06 -7.98955e-07
1.45 0.25 2.98393e-05 -2.30521e-06 -8.85409e-07
1.5 0.25 3.24075e-05 -2.14522e-06 -9.67228e-07
1.55 0.25 3.478e-05 -1.97065e-06 -1.04416e-06
1.6 0.25 3.69427e-05 -1.78238e-06 -1.11507e-06
1.65 0.25 3.88799e-05 -1.5814e-06 -1.17967e-06
1.7 0.25 4.05797e-05 -1.36901e-06 -1.23689e-06
1.75 0.25 4.20295e-05 -1.14633e-06 -1.28644e-06
1.8 0.25 4.322e-05 -9.15493e-07 -1.32738e-06
1.85 0.25 4.41446e-05 -6.75305e-07 -1.3596e-06
1.9 0.25 4.47849e-05 -4.3983e-07 -1.38189e-06
1.95 0.25 4.51864e-05 -1.63674e-07 -1.39515e-06
2 0.25 4.51864e-05 0 0

0 0.3 -4.39088e-05 0 0
0.05 0.3 -4.39088e-05 -1.71407e-07 1.65678e-06
0.1 0.3 -4.3498e-05 -4.59566e-07 1.64079e-06
0.15 0.3 -4.28457e-05 -7.04996e-07 1.61323e-06
0.2 0.3 -4.19027e-05 -9.55248e-07 1.57367e-06
0.25 0.3 -4.06905e-05 -1.19566e-06 1.5231e-06
0.3 0.3 -3.92136e-05 -1.42714e-06 1.46237e-06
0.35 0.3 -3.74842e-05 -1.64783e-06 1.39184e-06
0.4 0.3 -3.55127e-05 -1.85624e-06 1.31282e-06
0.45 0.3 -3.33144e-05 -2.05128e-06 1.22566e-06
0.5 0.3 -3.09024e-05 -2.23182e-06 1.13178e-06
0.55 0.3 -2.82947e-05 -2.39703e-06 1.03151e-06
0.6 0.3 -2.55063e-05 -2.54622e-06 9.26263e-07
0.65 0.3 -2.25574e-05 -2.67877e-06 8.16291e-07
0.7 0.3 -1.94647e-05 -2.79435e-06 7.02859e-07
0.75 0.3 -1.62495e-05 -2.89249e-06 5.86178e-07
0.8 0.3 -1.29301e-05 -2.97315e-06 4.67297e-07
0.85 0.3 -9.52815e-06 -3.03593e-06 3.46411e-07
0.9 0.3 -6.06322e-06 -3.08101e-06 2.24329e-07
0.95 0.3 -2.55703e-06 -3.108e-06 1.01291e-07
1 0.3 9.70034e-07 -3.1172e-06 -2.21185e-08
1.05 0.3 4.49658e-06 -3.10825e-06 -1.45546e-07
1.1 0.3 8.00158e-06 -3.0815e-06 -2.68582e-07
1.15 0.3 1.14643e-05 -3.03665e-06 -3.90698e-07
1.2 0.3 1.48635e-05 -2.97407e-06 -5.11594e-07
1.25 0.3 1.81793e-05 -2.89359e-06 -6.30517e-07
1.3 0.3 2.13904e-05 -2.7956e-06 -7.47211e-07
1.35 0.3 2.44783e-05 -2.68012e-06 -8.60685e-07
1.4 0.3 2.74223e-05 -2.54766e-06 -9.70667e-07
1.45 0.3 3.02052e-05 -2.3985e-06 -1.07595e-06
1.5 0.3 3.28075e-05 -2.23329e-06 -1.17621e-06
1.55 0.3 3.5214e-05 -2.05272e-06 -1.27011e-06
1.6 0.3 3.7407e-05 -1.85762e-06 -1.35726e-06
1.65 0.3 3.93734e-05 -1.64911e-06 -1.43628e-06
1.7 0.3 4.10981e-05 -1.42831e-06 -1.50679e-06
1.75 0.3 4.2571e-05 -1.19669e-06 -1.56751e-06
1.8 0.3 4.37797e-05 -9.56135e-07 -1.61806e-06
1.85 0.3 4.47199e-05 -7.05695e-07 -1.65762e-06
1.9 0.3 4.53703e-05 -4.60147e-07 -1.68517e-06
1.95 0.3 4.57801e-05 -1.7172e-07 -1.70148e-06
2 0.3 4.57801e-05 0 0

0 0.35 -4.4607e-05 0 0
0.05 0.35 -4.4607e-05 -1.80969e-07 1.96571e-06
0.1 0.35 -4.41862e-05 -4.84413e-07 1.94641e-06
0.15 0.35 -4.35207e-05 -7.41723e-07 1.91342e-06
0.2 0.35 -4.25593e-05 -1.00474e-06 1.86577e-06
0.25 0.35 -4.1323e-05 -1.25659e-06 1.80533e-06
0.3 0.35 -3.9819e-05 -1.49909e-06 1.73234e-06
0.35 0.35 -3.80569e-05 -1.72966e-06 1.64824e-06
0.4 0.35 -3.60511e-05 -1.94719e-06 1.55353e-06
0.45 0.35 -3.38134e-05 -2.15025e-06 1.44988e-06
0.5 0.35 -3.13615e-05 -2.3379e-06 1.33774e-06
0.55 0.35 -2.87096e-05 -2.50927e-06 1.21886e-06
0.6 0.35 -2.58776e-05 -2.66365e-06 1.09359e-06
0.65 0.35 -2.28815e-05 -2.80064e-06 9.63547e-07
0.7 0.35 -1.97427e-05 -2.91973e-06 8.29018e-07
0.75 0.35 -1.64788e-05 -3.02087e-06 6.91366e-07
0.8 0.35 -1.31118e-05 -3.10364e-06 5.50812e-07
0.85 0.35 -9.66058e-06 -3.16826e-06 4.08428e-07
0.9 0.35 -6.14729e-06 -3.21432e-06 2.64435e-07
0.95 0.35 -2.59177e-06 -3.24217e-06 1.19612e-07
1 0.35 9.8411e-07 -3.25141e-06 -2.57373e-08
1.05 0.35 4.55964e-06 -3.24243e-06 -1.71076e-07
1.1 0.35 8.11367e-06 -3.21483e-06 -3.15931e-07
1.15 0.35 1.16248e-05 -3.169e-06 -4.59934e-07
1.2 0.35 1.50729e-05 -3.10459e-06 -6.02367e-07
1.25 0.35 1.84361e-05 -3.022e-06 -7.42941e-07
1.3 0.35 2.16954e-05 -2.921e-06 -8.80648e-07
1.35 0.35 2.48292e-05 -2.80203e-06 -1.0152e-06
1.4 0.35 2.78197e-05 -2.6651e-06 -1.14528e-06
1.45 0.35 3.06459e-05 -2.51075e-06 -1.27056e-06
1.5 0.35 3.32918e-05 -2.33938e-06 -1.38948e-06
1.55 0.35 3.57377e-05 -2.15169e-06 -1.5016e-06
1.6 0.35 3.79695e-05 -1.94856e-06 -1.60526e-06
1.65 0.35 3.99698e-05 -1.73093e-06 -1.69995e-06
1.7 0.35 4.17268e-05 -1.50024e-06 -1.78403e-06
1.75 0.35 4.32264e-05 -1.25761e-06 -1.857e-06
1.8 0.35 4.44588e-05 -1.0056e-06 -1.91742e-06
1.85 0.35 4.54173e-05 -7.42418e-07 -1.96506e-06
1.9 0.35 4.60805e-05 -4.84988e-07 -1.99803e-06
1.95 0.35 4.65003e-05 -1.81298e-07 -2.0177e-06
2 0.35 4.65003e-05 0 0

0 0.4 -4.54404e-05 0 0
0.05 0.4 -4.54404e-05 -1.92641e-07 2.2871e-06
0.1 0.4 -4.50071e-05 -5.1377e-07 2.26434e-06
0.15 0.4 -4.43267e-05 -7.8564e-07 2.22527e-06
0.2 0.4 -4.33417e-05 -1.06334e-06 2.16922e-06
0.25 0.4 -4.20781e-05 -1.32909e-06 2.09775e-06
0.3 0.4 -4.05394e-05 -1.58423e-06 2.01212e-06
0.35 0.4 -3.87401e-05 -1.82664e-06 1.91296e-06
0.4 0.4 -3.66905e-05 -2.0546e-06 1.80219e-06
0.45 0.4 -3.44082e-05 -2.26706e-06 1.68042e-06
0.5 0.4 -3.19059e-05 -2.46284e-06 1.54974e-06
0.55 0.4 -2.92039e-05 -2.64119e-06 1.41066e-06
0.6 0.4 -2.63171e-05 -2.80153e-06 1.26519e-06
0.65 0.4 -2.32674e-05 -2.94334e-06 1.11372e-06
0.7 0.4 -2.00714e-05 -3.06653e-06 9.58001e-07
0.75 0.4 -1.67518e-05 -3.17069e-06 7.98298e-07
0.8 0.4 -1.33266e-05 -3.25609e-06 6.36018e-07
0.85 0.4 -9.81858e-06 -3.32231e-06 4.71363e-07
0.9 0.4 -6.24688e-06 -3.36982e-06 3.05368e-07
0.95 0.4 -2.63394e-06 -3.39817e-06 1.38266e-07
1 0.4 1.00004e-06 -3.40788e-06 -2.92403e-08
1.05 0.4 4.63339e-06 -3.39844e-06 -1.96773e-07
1.1 0.4 8.24496e-06 -3.37036e-06 -3.63878e-07
1.15 0.4 1.18141e-05 -3.32309e-06 -5.29927e-07
1.2 0.4 1.53189e-05 -3.25708e-06 -6.94607e-07
1.25 0.4 1.87398e-05 -3.17187e-06 -8.56955e-07
1.3 0.4 2.20545e-05 -3.06785e-06 -1.01669e-06
1.35 0.4 2.52448e-05 -2.94476e-06 -1.17248e-06
1.4 0.4 2.82886e-05 -2.80302e-06 -1.32397e-06
1.45 0.4 3.11689e-05 -2.64269e-06 -1.46949e-06
1.5 0.4 3.38644e-05 -2.46434e-06 -1.60857e-06
1.55 0.4 3.636e-05 -2.2685e-06 -1.73927e-06
1.6 0.4 3.86361e-05 -2.05596e-06 -1.86102e-06
1.65 0.4 4.06795e-05 -1.82788e-06 -1.97177e-06
1.7 0.4 4.24732e-05 -1.58536e-06 -2.07089e-06
1.75 0.4 4.40068e-05 -1.33008e-06 -2.15651e-06
1.8 0.4 4.52663e-05 -1.06419e-06 -2.22794e-06
1.85 0.4 4.62479e-05 -7.86309e-07 -2.28397e-06
1.9 0.4 4.69259e-05 -5.14351e-07 -2.32301e-06
1.95 0.4 4.7358e-05 -1.92967e-07 -2.34621e-06
2 0.4 4.7358e-05 0 0

0 0.45 -4.64217e-05 0 0
0.05 0.45 -4.64217e-05 -2.05999e-07 2.62353e-06
0.1 0.45 -4.59742e-05 -5.48493e-07 2.59679e-06
0.15 0.45 -4.52748e-05 -8.36841e-07 2.55135e-06
0.2 0.45 -4.42634e-05 -1.13226e-06 2.48574e-06
0.25 0.45 -4.29649e-05 -1.41369e-06 2.40278e-06
0.3 0.45 -4.13876e-05 -1.68388e-06 2.30283e-06
0.35 0.45 -3.95412e-05 -1.93958e-06 2.18811e-06
0.4 0.45 -3.74428e-05 -2.17972e-06 2.05936e-06
0.45 0.45 -3.51041e-05 -2.4027e-06 1.91905e-06
0.5 0.45 -3.25455e-05 -2.60766e-06 1.76786e-06
0.55 0.45 -2.9781e-05 -2.79381e-06 1.60829e-06
0.6 0.45 -2.6833e-05 -2.96059e-06 1.44085e-06
0.65 0.45 -2.37172e-05 -3.10783e-06 1.26779e-06
0.7 0.45 -2.04571e-05 -3.23515e-06 1.08944e-06
0.75 0.45 -1.70697e-05 -3.34285e-06 9.0763e-07
0.8 0.45 -1.35788e-05 -3.43058e-06 7.22562e-07
0.85 0.45 -1.00026e-05 -3.49891e-06 5.35604e-07
0.9 0.45 -6.3644e-06 -3.54742e-06 3.4691e-07
0.95 0.45 -2.68359e-06 -3.57678e-06 1.57409e-07
1 0.45 1.01744e-06 -3.58645e-06 -3.26503e-08
1.05 0.45 4.71808e-06 -3.57707e-06 -2.22698e-07
1.1 0.45 8.39709e-06 -3.54798e-06 -4.12251e-07
1.15 0.45 1.20328e-05 -3.49973e-06 -6.00969e-07
1.2 0.45 1.56051e-05 -3.43162e-06 -7.88008e-07
1.25 0.45 1.90916e-05 -3.34409e-06 -9.73121e-07
1.3 0.45 2.24734e-05 -3.23653e-06 -1.15502e-06
1.35 0.45 2.57276e-05 -3.10931e-06 -1.33342e-06
1.4 0.45 2.88366e-05 -2.96211e-06 -1.50655e-06
1.45 0.45 3.17777e-05 -2.79535e-06 -1.67401e-06
1.5 0.45 3.45349e-05 -2.60916e-06 -1.83362e-06
1.55 0.45 3.70863e-05 -2.40414e-06 -1.98479e-06
1.6 0.45 3.94177e-05 -2.18106e-06 -2.1251e-06
1.65 0.45 4.15094e-05 -1.94081e-06 -2.25381e-06
1.7 0.45 4.33494e-05 -1.68497e-06 -2.36851e-06
1.75 0.45 4.49214e-05 -1.41465e-06 -2.4684e-06
1.8 0.45 4.6215e-05 -1.13307e-06 -2.55132e-06
1.85 0.45 4.72228e-05 -8.37495e-07 -2.61689e-06
1.9 0.45 4.79195e-05 -5.49056e-07 -2.66231e-06
1.95 0.45 4.83656e-05 -2.06345e-07 -2.68952e-06
2 0.45 4.83656e-05 0 0

0 0.5 -4.75662e-05 0 0
0.05 0.5 -4.75662e-05 -2.2199e-07 2.97767e-06
0.1 0.5 -4.71013e-05 -5.8854e-07 2.94671e-06
0.15 0.5 -4.63807e-05 -8.96698e-07 2.89388e-06
0.2 0.5 -4.53359e-05 -1.21191e-06 2.81819e-06
0.25 0.5 -4.39989e-05 -1.512e-06 2.72195e-06
0.3 0.5 -4.23726e-05 -1.7989e-06 2.60707e-06
0.35 0.5 -4.04743e-05 -2.07011e-06 2.47453e-06
0.4 0.5 -3.83145e-05 -2.32367e-06 2.32719e-06
0.45 0.5 -3.59137e-05 -2.55856e-06 2.16593e-06
0.5 0.5 -3.3285e-05 -2.7736e-06 1.99379e-06
0.55 0.5 -3.04516e-05 -2.96819e-06 1.81147e-06
0.6 0.5 -2.74282e-05 -3.14203e-06 1.62181e-06
0.65 0.5 -2.42393e-05 -3.29475e-06 1.42525e-06
0.7 0.5 -2.09012e-05 -3.42669e-06 1.22418e-06
0.75 0.5 -1.74386e-05 -3.53757e-06 1.01882e-06
0.8 0.5 -1.3869e-05 -3.62811e-06 8.10975e-07
0.85 0.5 -1.02166e-05 -3.69796e-06 6.00736e-07
0.9 0.5 -6.49994e-06 -3.74802e-06 3.89337e-07
0.95 0.5 -2.74232e-06 -3.77773e-06 1.76873e-07
1 0.5 1.03643e-06 -3.78799e-06 -3.59145e-08
1.05 0.5 4.8144e-06 -3.77804e-06 -2.4874e-07
1.1 0.5 8.5704e-06 -3.74863e-06 -4.6122e-07
1.15 0.5 1.22839e-05 -3.69884e-06 -6.72706e-07
1.2 0.5 1.59325e-05 -3.62923e-06 -8.83e-07
1.25 0.5 1.94969e-05 -3.53888e-06 -1.09096e-06
1.3 0.5 2.29537e-05 -3.42815e-06 -1.29639e-06
1.35 0.5 2.62849e-05 -3.29629e-06 -1.49757e-06
1.4 0.5 2.94666e-05 -3.14361e-06 -1.69417e-06
1.45 0.5 3.24821e-05 -2.96976e-06 -1.88392e-06
1.5 0.5 3.53076e-05 -2.77512e-06 -2.06624e-06
1.55 0.5 3.79281e-05 -2.55998e-06 -2.2384e-06
1.6 0.5 4.03211e-05 -2.32499e-06 -2.39962e-06
1.65 0.5 4.24732e-05 -2.07129e-06 -2.54693e-06
1.7 0.5 4.43647e-05 -1.79994e-06 -2.6794e-06
1.75 0.5 4.59847e-05 -1.51289e-06 -2.79423e-06
1.8 0.5 4.73164e-05 -1.21269e-06 -2.89038e-06
1.85 0.5 4.83571e-05 -8.97298e-07 -2.96603e-06
1.9 0.5 4.90746e-05 -5.891e-07 -3.01881e-06
1.95 0.5 4.95379e-05 -2.22326e-07 -3.05032e-06
2 0.5 4.95379e-05 0 0

0 0.55 -4.88902e-05 0 0
0.05 0.55 -4.88902e-05 -2.39949e-07 3.35287e-06
0.1 0.55 -4.84059e-05 -6.35253e-07 3.3169e-06
0.15 0.55 -4.76587e-05 -9.65363e-07 3.25619e-06
0.2 0.55 -4.6577e-05 -1.30418e-06 3.16862e-06
0.25 0.55 -4.51915e-05 -1.62481e-06 3.05837e-06
0.3 0.55 -4.35115e-05 -1.9313e-06 2.92601e-06
0.35 0.55 -4.15478e-05 -2.21947e-06 2.77486e-06
0.4 0.55 -3.93208e-05 -2.48832e-06 2.60604e-06
0.45 0.55 -3.68426e-05 -2.7361e-06 2.42319e-06
0.5 0.55 -3.41374e-05 -2.96212e-06 2.22724e-06
0.55 0.55 -3.12188e-05 -3.1658e-06 2.02176e-06
0.6 0.55 -2.81131e-05 -3.34681e-06 1.80737e-06
0.65 0.55 -2.48352e-05 -3.50546e-06 1.58716e-06
0.7 0.55 -2.14118e-05 -3.64158e-06 1.36142e-06
0.75 0.55 -1.7859e-05 -3.75606e-06 1.13254e-06
0.8 0.55 -1.42027e-05 -3.84866e-06 9.00564e-07
0.85 0.55 -1.04604e-05 -3.92055e-06 6.67155e-07
0.9 0.55 -6.65653e-06 -3.97128e-06 4.32239e-07
0.95 0.55 -2.80995e-06 -4.00203e-06 1.9682e-07
1 0.55 1.0565e-06 -4.01206e-06 -3.90678e-08
1.05 0.55 4.92251e-06 -4.00237e-06 -2.74946e-07
1.1 0.55 8.7669e-06 -3.97195e-06 -5.10447e-07
1.15 0.55 1.25677e-05 -3.92151e-06 -7.45418e-07
1.2 0.55 1.63054e-05 -3.84987e-06 -9.78962e-07
1.25 0.55 1.99564e-05 -3.75747e-06 -1.21103e-06
1.3 0.55 2.35024e-05 -3.64314e-06 -1.44006e-06
1.35 0.55 2.69187e-05 -3.5071e-06 -1.66589e-06
1.4 0.55 3.01882e-05 -3.34846e-06 -1.88623e-06
1.45 0.55 3.32856e-05 -3.16742e-06 -2.10066e-06
1.5 0.55 3.6195e-05 -2.96365e-06 -2.3062e-06
1.55 0.55 3.88914e-05 -2.73751e-06 -2.50212e-06
1.6 0.55 4.13606e-05 -2.48959e-06 -2.68497e-06
1.65 0.55 4.35793e-05 -2.22059e-06 -2.8537e-06
1.7 0.55 4.5535e-05 -1.93226e-06 -3.00478e-06
1.75 0.55 4.72081e-05 -1.62563e-06 -3.13703e-06
1.8 0.55 4.85876e-05 -1.30487e-06 -3.2472e-06
1.85 0.55 4.96647e-05 -9.65921e-07 -3.33467e-06
1.9 0.55 5.04084e-05 -6.35769e-07 -3.39532e-06
1.95 0.55 5.08909e-05 -2.40308e-07 -3.43189e-06
2 0.55 5.08909e-05 0 0

0 0.6 -5.04135e-05 0 0
0.05 0.6 -5.04135e-05 -2.61356e-07 3.75257e-06
0.1 0.6 -4.99053e-05 -6.88584e-07 3.71117e-06
0.15 0.6 -4.91289e-05 -1.04498e-06 3.64101e-06
0.2 0.6 -4.80008e-05 -1.40973e-06 3.54074e-06
0.25 0.6 -4.65622e-05 -1.75461e-06 3.41372e-06
0.3 0.6 -4.48146e-05 -2.0824e-06 3.26289e-06
0.35 0.6 -4.27798e-05 -2.39008e-06 3.08975e-06
0.4 0.6 -4.04688e-05 -2.67535e-06 2.89854e-06
0.45 0.6 -3.79067e-05 -2.93736e-06 2.69055e-06
0.5 0.6 -3.51065e-05 -3.17502e-06 2.47017e-06
0.55 0.6 -3.2096e-05 -3.38806e-06 2.23829e-06
0.6 0.6 -2.88894e-05 -3.57663e-06 1.9989e-06
0.65 0.6 -2.55153e-05 -3.74071e-06 1.75241e-06
0.7 0.6 -2.1989e-05 -3.88131e-06 1.50202e-06
0.75 0.6 -1.83383e-05 -3.99842e-06 1.24774e-06
0.8 0.6 -1.45795e-05 -4.0935e-06 9.91847e-07
0.85 0.6 -1.07387e-05 -4.16629e-06 7.34097e-07
0.9 0.6 -6.83367e-06 -4.21835e-06 4.75882e-07
0.95 0.6 -2.88841e-06 -4.24904e-06 2.1695e-07
1 0.6 1.07789e-06 -4.25976e-06 -4.20459e-08
1.05 0.6 5.04323e-06 -4.24942e-06 -3.01099e-07
1.1 0.6 8.98658e-06 -4.2191e-06 -5.6007e-07
1.15 0.6 1.28878e-05 -4.16736e-06 -8.1843e-07
1.2 0.6 1.6724e-05 -4.09485e-06 -1.07629e-06
1.25 0.6 2.04765e-05 -3.99997e-06 -1.33238e-06
1.3 0.6 2.41202e-05 -3.88301e-06 -1.5868e-06
1.35 0.6 2.76381e-05 -3.74246e-06 -1.83737e-06
1.4 0.6 3.10035e-05 -3.57838e-06 -2.08396e-06
1.45 0.6 3.42002e-05 -3.38974e-06 -2.32348e-06
1.5 0.6 3.72011e-05 -3.17658e-06 -2.55537e-06
1.55 0.6 3.9991e-05 -2.93875e-06 -2.77578e-06
1.6 0.6 4.25435e-05 -2.67657e-06 -2.98369e-06
1.65 0.6 4.48448e-05 -2.3911e-06 -3.17483e-06
1.7 0.6 4.68709e-05 -2.08326e-06 -3.34783e-06
1.75 0.6 4.86105e-05 -1.7553e-06 -3.49854e-06
1.8 0.6 5.00424e-05 -1.41033e-06 -3.62539e-06
1.85 0.6 5.11651e-05 -1.04542e-06 -3.72556e-06
1.9 0.6 5.19377e-05 -6.89074e-07 -3.79561e-06
1.95 0.6 5.24438e-05 -2.61689e-07 -3.83769e-06
2 0.6 5.24438e-05 0 0

0 0.65 -5.21565e-05 0 0
0.05 0.65 -5.21565e-05 -2.85189e-07 4.18123e-06
0.1 0.65 -5.1622e-05 -7.50619e-07 4.13314e-06
0.15 0.65 -5.08087e-05 -1.13579e-06 4.05275e-06
0.2 0.65 -4.96298e-05 -1.53147e-06 3.93697e-06
0.25 0.65 -4.81243e-05 -1.90265e-06 3.79202e-06
0.3 0.65 -4.63033e-05 -2.25528e-06 3.61884e-06
0.35 0.65 -4.41792e-05 -2.58382e-06 3.42248e-06
0.4 0.65 -4.17775e-05 -2.88752e-06 3.20458e-06
0.45 0.65 -3.91107e-05 -3.16447e-06 2.97051e-06
0.5 0.65 -3.62086e-05 -3.41438e-06 2.72157e-06
0.55 0.65 -3.30848e-05 -3.63707e-06 2.46281e-06
0.6 0.65 -2.97702e-05 -3.8327e-06 2.19491e-06
0.65 0.65 -2.62794e-05 -4.00234e-06 1.92211e-06
0.7 0.65 -2.26427e-05 -4.14625e-06 1.64446e-06
0.75 0.65 -1.88754e-05 -4.26623e-06 1.36507e-06
0.8 0.65 -1.50059e-05 -4.3623e-06 1.08357e-06
0.85 0.65 -1.10505e-05 -4.43651e-06 8.01921e-07
0.9 0.65 -7.03494e-06 -4.48843e-06 5.19553e-07
0.95 0.65 -2.97705e-06 -4.51996e-06 2.3742e-07
1 0.65 1.09998e-06 -4.53011e-06 -4.48985e-08
1.05 0.65 5.17651e-06 -4.5204e-06 -3.27213e-07
1.1 0.65 9.23176e-06 -4.48928e-06 -6.09479e-07
1.15 0.65 1.32437e-05 -4.43773e-06 -8.91961e-07
1.2 0.65 1.71935e-05 -4.36382e-06 -1.17384e-06
1.25 0.65 2.10566e-05 -4.26798e-06 -1.45552e-06
1.3 0.65 2.48157e-05 -4.14813e-06 -1.73517e-06
1.35 0.65 2.84437e-05 -4.00426e-06 -2.01299e-06
1.4 0.65 3.19242e-05 -3.83457e-06 -2.28601e-06
1.45 0.65 3.52285e-05 -3.63883e-06 -2.55399e-06
1.5 0.65 3.8341e-05 -3.41595e-06 -2.81285e-06
1.55 0.65 4.12322e-05 -3.16584e-06 -3.06175e-06
1.6 0.65 4.38875e-05 -2.88864e-06 -3.29578e-06
1.65 0.65 4.62788e-05 -2.58473e-06 -3.51352e-06
1.7 0.65 4.83927e-05 -2.25597e-06 -3.70973e-06
1.75 0.65 5.02049e-05 -1.9032e-06 -3.88268e-06
1.8 0.65 5.17027e-05 -1.53189e-06 -4.02745e-06
1.85 0.65 5.28755e-05 -1.13614e-06 -4.14304e-06
1.9 0.65 5.36844e-05 -7.51014e-07 -4.22331e-06
1.95 0.65 5.42165e-05 -2.85542e-07 -4.27211e-06
2 0.65 5.42165e-05 0 0

0 0.7 -5.41444e-05 0 0
0.05 0.7 -5.41444e-05 -3.13749e-07 4.64342e-06
0.1 0.7 -5.35773e-05 -8.21333e-07 4.58795e-06
0.15 0.7 -5.27235e-05 -1.24115e-06 4.49484e-06
0.2 0.7 -5.14807e-05 -1.67046e-06 4.36223e-06
0.25 0.7 -4.99024e-05 -2.07275e-06 4.1951e-06
0.3 0.7 -4.79889e-05 -2.45194e-06 3.99801e-06
0.35 0.7 -4.57684e-05 -2.80434e-06 3.77329e-06
0.4 0.7 -4.3253e-05 -3.12731e-06 3.52735e-06
0.45 0.7 -4.04742e-05 -3.42037e-06 3.26201e-06
0.5 0.7 -3.74457e-05 -3.68273e-06 2.98367e-06
0.55 0.7 -3.42011e-05 -3.91472e-06 2.69343e-06
0.6 0.7 -3.07547e-05 -4.11733e-06 2.39683e-06
0.65 0.7 -2.71398e-05 -4.29116e-06 2.09412e-06
0.7 0.7 -2.33708e-05 -4.43835e-06 1.78955e-06
0.75 0.7 -1.94792e-05 -4.5593e-06 1.48265e-06
0.8 0.7 -1.54798e-05 -4.65665e-06 1.17619e-06
0.85 0.7 -1.1401e-05 -4.73031e-06 8.69326e-07
0.9 0.7 -7.25876e-06 -4.78285e-06 5.63475e-07
0.95 0.7 -3.07809e-06 -4.81349e-06 2.57733e-07
1 0.7 1.12316e-06 -4.82439e-06 -4.75448e-08
1.05 0.7 5.32323e-06 -4.814e-06 -3.52909e-07
1.1 0.7 9.50166e-06 -4.78384e-06 -6.58736e-07
1.15 0.7 1.36393e-05 -4.73172e-06 -9.64831e-07
1.2 0.7 1.77126e-05 -4.65841e-06 -1.27191e-06
1.25 0.7 2.17043e-05 -4.5613e-06 -1.5787e-06
1.3 0.7 2.55876e-05 -4.44047e-06 -1.88586e-06
1.35 0.7 2.93463e-05 -4.2933e-06 -2.19076e-06
1.4 0.7 3.29505e-05 -4.11938e-06 -2.49365e-06
1.45 0.7 3.63849e-05 -3.91658e-06 -2.79047e-06
1.5 0.7 3.96174e-05 -3.68435e-06 -3.08075e-06
1.55 0.7 4.26331e-05 -3.42168e-06 -3.35912e-06
1.6 0.7 4.53996e-05 -3.12833e-06 -3.62431e-06
1.65 0.7 4.79026e-05 -2.80505e-06 -3.87011e-06
1.7 0.7 5.0112e-05 -2.45243e-06 -4.09454e-06
1.75 0.7 5.20152e-05 -2.07303e-06 -4.29137e-06
1.8 0.7 5.35848e-05 -1.67069e-06 -4.45819e-06
1.85 0.7 5.48206e-05 -1.24128e-06 -4.59058e-06
1.9 0.7 5.56693e-05 -8.21647e-07 -4.68347e-06
1.95 0.7 5.62335e-05 -3.14044e-07 -4.73973e-06
2 0.7 5.62335e-05 0 0

0 0.75 -5.6402e-05 0 0
0.05 0.75 -5.6402e-05 -3.45485e-07 5.14525e-06
0.1 0.75 -5.57991e-05 -9.03977e-07 5.08041e-06
0.15 0.75 -5.48941e-05 -1.36152e-06 4.97329e-06
0.2 0.75 -5.35815e-05 -1.83121e-06 4.81943e-06
0.25 0.75 -5.19111e-05 -2.26687e-06 4.62822e-06
0.3 0.75 -4.98976e-05 -2.67708e-06 4.40126e-06
0.35 0.75 -4.75557e-05 -3.05448e-06 4.14632e-06
0.4 0.75 -4.49185e-05 -3.3988e-06 3.86589e-06
0.45 0.75 -4.19999e-05 -3.70815e-06 3.56796e-06
0.5 0.75 -3.88371e-05 -3.98296e-06 3.25425e-06
0.55 0.75 -3.54439e-05 -4.22391e-06 2.932e-06
0.6 0.75 -3.1858e-05 -4.432e-06 2.60185e-06
0.65 0.75 -2.8093e-05 -4.60962e-06 2.26951e-06
0.7 0.75 -2.41843e-05 -4.75773e-06 1.93459e-06
0.75 0.75 -2.01456e-05 -4.87959e-06 1.60099e-06
0.8 0.75 -1.60085e-05 -4.97562e-06 1.2676e-06
0.85 0.75 -1.17872e-05 -5.04923e-06 9.3657e-07
0.9 0.75 -7.50918e-06 -5.10002e-06 6.06481e-07
0.95 0.75 -3.19011e-06 -5.13098e-06 2.78021e-07
1 0.75 1.14668e-06 -5.14075e-06 -5.00515e-08
1.05 0.75 5.48292e-06 -5.13159e-06 -3.78135e-07
1.1 0.75 9.79884e-06 -5.1012e-06 -7.06814e-07
1.15 0.75 1.40726e-05 -5.05091e-06 -1.03712e-06
1.2 0.75 1.82872e-05 -4.97769e-06 -1.36855e-06
1.25 0.75 2.24167e-05 -4.88192e-06 -1.70228e-06
1.3 0.75 2.64454e-05 -4.76019e-06 -2.03633e-06
1.35 0.75 3.03435e-05 -4.61206e-06 -2.37157e-06
1.4 0.75 3.40959e-05 -4.43428e-06 -2.70428e-06
1.45 0.75 3.76691e-05 -4.22592e-06 -3.0346e-06
1.5 0.75 4.10482e-05 -3.98461e-06 -3.35702e-06
1.55 0.75 4.41972e-05 -3.7094e-06 -3.67065e-06
1.6 0.75 4.71014e-05 -3.39962e-06 -3.96849e-06
1.65 0.75 4.97251e-05 -3.05495e-06 -4.24861e-06
1.7 0.75 5.20538e-05 -2.67723e-06 -4.50324e-06
1.75 0.75 5.40559e-05 -2.26685e-06 -4.72975e-06
1.8 0.75 5.5716e-05 -1.8311e-06 -4.9206e-06
1.85 0.75 5.70207e-05 -1.36143e-06 -5.07407e-06
1.9 0.75 5.79197e-05 -9.04092e-07 -5.18093e-06
1.95 0.75 5.85194e-05 -3.45784e-07 -5.24658e-06
2 0.75 5.85194e-05 0 0

0 0.8 -5.89615e-05 0 0
0.05 0.8 -5.89615e-05 -3.83985e-07 5.69304e-06
0.1 0.8 -5.83137e-05 -9.98637e-07 5.61762e-06
0.15 0.8 -5.73527e-05 -1.50213e-06 5.49253e-06
0.2 0.8 -5.59513e-05 -2.01553e-06 5.31522e-06
0.25 0.8 -5.41811e-05 -2.49092e-06 5.09328e-06
0.3 0.8 -5.20406e-05 -2.93384e-06 4.83396e-06
0.35 0.8 -4.95685e-05 -3.33971e-06 4.54097e-06
0.4 0.8 -4.67782e-05 -3.70568e-06 4.22404e-06
0.45 0.8 -4.3711e-05 -4.03201e-06 3.88586e-06
0.5 0.8 -4.03812e-05 -4.31868e-06 3.53574e-06
0.55 0.8 -3.68315e-05 -4.56712e-06 3.17501e-06
0.6 0.8 -3.30753e-05 -4.77982e-06 2.81134e-06
0.65 0.8 -2.9153e-05 -4.95843e-06 2.44458e-06
0.7 0.8 -2.50774e-05 -5.10686e-06 2.08023e-06
0.75 0.8 -2.08845e-05 -5.22629e-06 1.71697e-06
0.8 0.8 -1.65868e-05 -5.32108e-06 1.35806e-06
0.85 0.8 -1.22152e-05 -5.39143e-06 1.00155e-06
0.9 0.8 -7.78292e-06 -5.4414e-06 6.48699e-07
0.95 0.8 -3.31562e-06 -5.47002e-06 2.97502e-07
1 0.8 1.17113e-06 -5.48054e-06 -5.2315e-08
1.05 0.8 5.65646e-06 -5.47077e-06 -4.02263e-07
1.1 0.8 1.01212e-05 -5.44283e-06 -7.53633e-07
1.15 0.8 1.4548e-05 -5.39346e-06 -1.10689e-06
1.2 0.8 1.89132e-05 -5.32357e-06 -1.46381e-06
1.25 0.8 2.32017e-05 -5.22908e-06 -1.8233e-06
1.3 0.8 2.73845e-05 -5.10977e-06 -2.18703e-06
1.35 0.8 3.14477e-05 -4.96126e-06 -2.55196e-06
1.4 0.8 3.53569e-05 -4.78241e-06 -2.91907e-06
1.45 0.8 3.90981e-05 -4.56931e-06 -3.28311e-06
1.5 0.8 4.26328e-05 -4.32039e-06 -3.64393e-06
1.55 0.8 4.59463e-05 -4.03315e-06 -3.99408e-06
1.6 0.8 4.89978e-05 -3.70629e-06 -4.33199e-06
1.65 0.8 5.17722e-05 -3.33979e-06 -4.64861e-06
1.7 0.8 5.42298e-05 -2.93358e-06 -4.94106e-06
1.75 0.8 5.63566e-05 -2.49039e-06 -5.19986e-06
1.8 0.8 5.81153e-05 -2.01501e-06 -5.42119e-06
1.85 0.8 5.95073e-05 -1.50161e-06 -5.59803e-06
1.9 0.8 6.04615e-05 -9.98553e-07 -5.72269e-06
1.95 0.8 6.11053e-05 -3.84161e-07 -5.79897e-06
2 0.8 6.11053e-05 0 0

0 0.85 -6.18539e-05 0 0
0.05 0.85 -6.18539e-05 -4.26925e-07 6.29548e-06
0.1 0.85 -6.11566e-05 -1.11045e-06 6.20624e-06
0.15 0.85 -6.01238e-05 -1.66393e-06 6.06096e-06
0.2 0.85 -5.86256e-05 -2.23047e-06 5.85314e-06
0.25 0.85 -5.67278e-05 -2.74813e-06 5.59731e-06
0.3 0.85 -5.44506e-05 -3.22939e-06 5.29635e-06
0.35 0.85 -5.1813e-05 -3.66439e-06 4.96238e-06
0.4 0.85 -4.88596e-05 -4.05391e-06 4.59927e-06
0.45 0.85 -4.5606e-05 -4.39645e-06 4.21899e-06
0.5 0.85 -4.21006e-05 -4.6938e-06 3.82389e-06
0.55 0.85 -3.83575e-05 -4.94832e-06 3.42423e-06
0.6 0.85 -3.44237e-05 -5.16243e-06 3.02043e-06
0.65 0.85 -3.03113e-05 -5.34073e-06 2.62012e-06
0.7 0.85 -2.60623e-05 -5.48534e-06 2.22199e-06
0.75 0.85 -2.16876e-05 -5.60175e-06 1.83083e-06
0.8 0.85 -1.72228e-05 -5.69105e-06 1.44421e-06
0.85 0.85 -1.26788e-05 -5.75859e-06 1.06432e-06
0.9 0.85 -8.08435e-06 -5.80406e-06 6.88305e-07
0.95 0.85 -3.45199e-06 -5.83199e-06 3.16251e-07
1 0.85 1.19561e-06 -5.84052e-06 -5.44192e-08
1.05 0.85 5.84261e-06 -5.83291e-06 -4.25132e-07
1.1 0.85 1.04713e-05 -5.80583e-06 -7.97548e-07
1.15 0.85 1.50608e-05 -5.76109e-06 -1.17397e-06
1.2 0.85 1.95969e-05 -5.6941e-06 -1.55454e-06
1.25 0.85 2.40527e-05 -5.60514e-06 -1.94179e-06
1.3 0.85 2.84155e-05 -5.48884e-06 -2.33374e-06
1.35 0.85 3.26517e-05 -5.3441e-06 -2.73247e-06
1.4 0.85 3.67488e-05 -5.16544e-06 -3.13344e-06
1.45 0.85 4.06669e-05 -4.95078e-06 -3.53757e-06
1.5 0.85 4.43922e-05 -4.69557e-06 -3.9375e-06
1.55 0.85 4.78801e-05 -4.39747e-06 -4.33249e-06
1.6 0.85 5.11151e-05 -4.05416e-06 -4.71257e-06
1.65 0.85 5.4051e-05 -3.66402e-06 -5.07509e-06
1.7 0.85 5.66712e-05 -3.22848e-06 -5.40845e-06
1.75 0.85 5.89332e-05 -2.74697e-06 -5.70856e-06
1.8 0.85 6.08171e-05 -2.22926e-06 -5.96363e-06
1.85 0.85 6.23047e-05 -1.66294e-06 -6.17068e-06
1.9 0.85 6.33292e-05 -1.10995e-06 -6.31542e-06
1.95 0.85 6.4022e-05 -4.27061e-07 -6.40551e-06
2 0.85 6.4022e-05 0 0

0 0.9 -6.51205e-05 0 0
0.05 0.9 -6.51205e-05 -4.79953e-07 6.96166e-06
0.1 0.9 -6.43604e-05 -1.23982e-06 6.85646e-06
0.15 0.9 -6.32488e-05 -1.85523e-06 6.68451e-06
0.2 0.9 -6.1626e-05 -2.47917e-06 6.44238e-06
0.25 0.9 -5.95898e-05 -3.04771e-06 6.14208e-06
0.3 0.9 -5.71373e-05 -3.56877e-06 5.79539e-06
0.35 0.9 -5.43227e-05 -4.03678e-06 5.40839e-06
0.4 0.9 -5.11625e-05 -4.44907e-06 4.99609e-06
0.45 0.9 -4.77121e-05 -4.80739e-06 4.56245e-06
0.5 0.9 -4.39873e-05 -5.11344e-06 4.1211e-06
0.55 0.9 -4.00429e-05 -5.37057e-06 3.67349e-06
0.6 0.9 -3.58915e-05 -5.58393e-06 3.23012e-06
0.65 0.9 -3.15829e-05 -5.75687e-06 2.79002e-06
0.7 0.9 -2.71268e-05 -5.89615e-06 2.36009e-06
0.75 0.9 -2.25652e-05 -6.00407e-06 1.93757e-06
0.8 0.9 -1.79065e-05 -6.08759e-06 1.52597e-06
0.85 0.9 -1.31843e-05 -6.14734e-06 1.12163e-06
0.9 0.9 -8.40761e-06 -6.18947e-06 7.25249e-07
0.95 0.9 -3.60192e-06 -6.21275e-06 3.3309e-07
1 0.9 1.22094e-06 -6.22193e-06 -5.62298e-08
1.05 0.9 6.04211e-06 -6.21389e-06 -4.45752e-07
1.1 0.9 1.08449e-05 -6.19167e-06 -8.38242e-07
1.15 0.9 1.56153e-05 -6.15045e-06 -1.23532e-06
1.2 0.9 2.03301e-05 -6.09138e-06 -1.6404e-06
1.25 0.9 2.4978e-05 -6.00827e-06 -2.053e-06
1.3 0.9 2.95277e-05 -5.90045e-06 -2.4764e-06
1.35 0.9 3.39688e-05 -5.76095e-06 -2.90733e-06
1.4 0.9 3.82616e-05 -5.58751e-06 -3.34812e-06
1.45 0.9 4.23944e-05 -5.37338e-06 -3.79214e-06
1.5 0.9 4.632e-05 -5.11531e-06 -4.23994e-06
1.55 0.9 5.0024e-05 -4.80821e-06 -4.68133e-06
1.6 0.9 5.34541e-05 -4.44889e-06 -5.11449e-06
1.65 0.9 5.65934e-05 -4.03567e-06 -5.52619e-06
1.7 0.9 5.93887e-05 -3.56704e-06 -5.91216e-06
1.75 0.9 6.18226e-05 -3.04557e-06 -6.25781e-06
1.8 0.9 6.38433e-05 -2.47712e-06 -6.55691e-06
1.85 0.9 6.5453e-05 -1.85341e-06 -6.79805e-06
1.9 0.9 6.65551e-05 -1.23888e-06 -6.96916e-06
1.95 0.9 6.73096e-05 -4.79837e-07 -7.07522e-06
2 0.9 6.73096e-05 0 0

0 0.95 -6.88014e-05 0 0
0.05 0.95 -6.88014e-05 -5.39632e-07 7.70448e-06
0.1 0.95 -6.79711e-05 -1.39502e-06 7.5778e-06
0.15 0.95 -6.67573e-05 -2.07801e-06 7.37523e-06
0.2 0.95 -6.49979e-05 -2.7729e-06 7.08725e-06
0.25 0.95 -6.27826e-05 -3.39512e-06 6.73708e-06
0.3 0.95 -6.01411e-05 -3.96307e-06 6.32998e-06
0.35 0.95 -5.70995e-05 -4.4637e-06 5.88531e-06
0.4 0.95 -5.37197e-05 -4.89985e-06 5.4092e-06
0.45 0.95 -5.00206e-05 -5.27143e-06 4.91964e-06
0.5 0.95 -4.60668e-05 -5.58277e-06 4.4198e-06
0.55 0.95 -4.18725e-05 -5.8393e-06 3.92411e-06
0.6 0.95 -3.74974e-05 -6.0459e-06 3.43237e-06
0.65 0.95 -3.2951e-05 -6.21076e-06 2.95445e-06
0.7 0.95 -2.82838e-05 -6.33779e-06 2.48746e-06
0.75 0.95 -2.35022e-05 -6.43587e-06 2.03688e-06
0.8 0.95 -1.86462e-05 -6.50699e-06 1.5982e-06
0.85 0.95 -1.37213e-05 -6.55932e-06 1.17318e-06
0.9 0.95 -8.75719e-06 -6.5926e-06 7.56805e-07
0.95 0.95 -3.76111e-06 -6.61347e-06 3.47997e-07
1 0.95 1.24602e-06 -6.61936e-06 -5.78454e-08
1.05 0.95 6.25254e-06 -6.61492e-06 -4.63794e-07
1.1 0.95 1.12444e-05 -6.5954e-06 -8.73201e-07
1.15 0.95 1.62031e-05 -6.56325e-06 -1.29033e-06
1.2 0.95 2.11189e-05 -6.51178e-06 -1.7165e-06
1.25 0.95 2.59645e-05 -6.44114e-06 -2.15633e-06
1.3 0.95 3.07321e-05 -6.34317e-06 -2.60829e-06
1.35 0.95 3.53842e-05 -6.21581e-06 -3.07641e-06
1.4 0.95 3.9912e-05 -6.05024e-06 -3.55547e-06
1.45 0.95 4.42678e-05 -5.84259e-06 -4.04788e-06
1.5 0.95 4.84397e-05 -5.58477e-06 -4.54407e-06
1.55 0.95 5.23711e-05 -5.27203e-06 -5.04375e-06
1.6 0.95 5.6046e-05 -4.89902e-06 -5.53291e-06
1.65 0.95 5.94026e-05 -4.46168e-06 -6.00796e-06
1.7 0.95 6.24207e-05 -3.9601e-06 -6.45142e-06
1.75 0.95 6.50414e-05 -3.39173e-06 -6.85688e-06
1.8 0.95 6.72375e-05 -2.76951e-06 -7.20553e-06
1.85 0.95 6.89818e-05 -2.07518e-06 -7.49198e-06
1.9 0.95 7.01841e-05 -1.39325e-06 -7.69343e-06
1.95 0.95 7.10077e-05 -5.39365e-07 -7.82084e-06
2 0.95 7.10077e-05 0 0

0 1 -7.29513e-05 0 0
0.05 1 -7.29513e-05 -6.15014e-07 8.53754e-06
0.1 1 -7.20306e-05 -1.57734e-06 8.38548e-06
0.15 1 -7.07034e-05 -2.34579e-06 8.14133e-06
0.2 1 -6.87658e-05 -3.11733e-06 7.80073e-06
0.25 1 -6.63552e-05 -3.80498e-06 7.38339e-06
0.3 1 -6.34684e-05 -4.42054e-06 6.90909e-06
0.35 1 -6.01838e-05 -4.95757e-06 6.38799e-06
0.4 1 -5.6523e-05 -5.41473e-06 5.84353e-06
0.45 1 -5.25627e-05 -5.79679e-06 5.28154e-06
0.5 1 -4.83207e-05 -6.10897e-06 4.72187e-06
0.55 1 -4.38691e-05 -6.358e-06 4.16575e-06
0.6 1 -3.92187e-05 -6.55359e-06 3.62728e-06
0.65 1 -3.44312e-05 -6.70177e-06 3.10376e-06
0.7 1 -2.95117e-05 -6.81372e-06 2.60348e-06
0.75 1 -2.4509e-05 -6.89334e-06 2.12117e-06
0.8 1 -1.94251e-05 -6.95129e-06 1.6602e-06
0.85 1 -1.42959e-05 -6.98873e-06 1.21417e-06
0.9 1 -9.12353e-06 -7.01465e-06 7.82637e-07
0.95 1 -3.93234e-06 -7.0274e-06 3.59273e-07
1 1 1.27194e-06 -7.03372e-06 -5.90913e-08
1.05 1 6.4743e-06 -7.02925e-06 -4.77771e-07
1.1 1 1.16624e-05 -7.01821e-06 -9.01744e-07
1.15 1 1.68278e-05 -6.99375e-06 -1.33445e-06
1.2 1 2.19488e-05 -6.95738e-06 -1.78181e-06
1.25 1 2.70204e-05 -6.90006e-06 -2.24451e-06
1.3 1 3.20095e-05 -6.82052e-06 -2.72843e-06
1.35 1 3.69113e-05 -6.70814e-06 -3.23047e-06
1.4 1 4.16798e-05 -6.55898e-06 -3.75531e-06
1.45 1 4.63074e-05 -6.36198e-06 -4.29496e-06
1.5 1 5.07354e-05 -6.11118e-06 -4.8515e-06
1.55 1 5.49506e-05 -5.79705e-06 -5.41127e-06
1.6 1 5.88844e-05 -5.4131e-06 -5.97245e-06
1.65 1 6.25171e-05 -4.95419e-06 -6.51576e-06
1.7 1 6.57753e-05 -4.41597e-06 -7.03493e-06
1.75 1 6.86364e-05 -3.79967e-06 -7.50719e-06
1.8 1 7.10249e-05 -3.11222e-06 -7.92217e-06
1.85 1 7.29438e-05 -2.34131e-06 -8.26077e-06
1.9 1 7.42574e-05 -1.57459e-06 -8.5032e-06
1.95 1 7.51697e-05 -6.14233e-07 -8.65589e-06
2 1 7.51697e-05 0 0

0 1.05 -7.76237e-05 0 0
0.05 1.05 -7.76237e-05 -7.0108e-07 9.48096e-06
0.1 1.05 -7.66006e-05 -1.80049e-06 9.29372e-06
0.15 1.05 -7.5124e-05 -2.66276e-06 9.00073e-06
0.2 1.05 -7.29889e-05 -3.53084e-06 8.58789e-06
0.25 1.05 -7.03221e-05 -4.28676e-06 8.09398e-06
0.3 1.05 -6.71695e-05 -4.95846e-06 7.52877e-06
0.35 1.05 -6.35696e-05 -5.52926e-06 6.92383e-06
0.4 1.05 -5.9611e-05 -6.0063e-06 6.28884e-06
0.45 1.05 -5.53175e-05 -6.39308e-06 5.65107e-06
0.5 1.05 -5.07772e-05 -6.69856e-06 5.01429e-06
0.55 1.05 -4.60041e-05 -6.93388e-06 4.39857e-06
0.6 1.05 -4.10748e-05 -7.10789e-06 3.802e-06
0.65 1.05 -3.59942e-05 -7.23457e-06 3.23689e-06
0.7 1.05 -3.08232e-05 -7.32038e-06 2.6974e-06
0.75 1.05 -2.55606e-05 -7.37914e-06 2.1892e-06
0.8 1.05 -2.0251e-05 -7.41399e-06 1.70444e-06
0.85 1.05 -1.48913e-05 -7.43688e-06 1.24375e-06
0.9 1.05 -9.51092e-06 -7.4475e-06 7.98853e-07
0.95 1.05 -4.10897e-06 -7.4552e-06 3.66747e-07
1 1.05 1.29738e-06 -7.4564e-06 -6.00726e-08
1.05 1.05 6.70321e-06 -7.45757e-06 -4.87114e-07
1.1 1.05 1.21006e-05 -7.45208e-06 -9.20211e-07
1.15 1.05 1.74752e-05 -7.44332e-06 -1.36645e-06
1.2 1.05 2.2825e-05 -7.42184e-06 -1.82911e-06
1.25 1.05 2.81233e-05 -7.38776e-06 -2.31593e-06
1.3 1.05 3.33699e-05 -7.32913e-06 -2.82652e-06
1.35 1.05 3.85235e-05 -7.24269e-06 -3.36811e-06
1.4 1.05 4.35819e-05 -7.11473e-06 -3.9353e-06
1.45 1.05 4.84876e-05 -6.93879e-06 -4.53319e-06
1.5 1.05 5.32327e-05 -6.70108e-06 -5.14987e-06
1.55 1.05 5.77442e-05 -6.39297e-06 -5.78649e-06
1.6 1.05 6.20056e-05 -6.0035e-06 -6.42356e-06
1.65 1.05 6.59329e-05 -5.52416e-06 -7.05664e-06
1.7 1.05 6.95003e-05 -4.95152e-06 -7.65927e-06
1.75 1.05 7.26234e-05 -4.27897e-06 -8.22134e-06
1.8 1.05 7.52626e-05 -3.52308e-06 -8.7122e-06
1.85 1.05 7.73756e-05 -2.65621e-06 -9.12198e-06
1.9 1.05 7.88352e-05 -1.79604e-06 -9.41265e-06
1.95 1.05 7.98482e-05 -6.9989e-07 -9.60015e-06
2 1.05 7.98482e-05 0 0

0 1.1 -8.28951e-05 0 0
0.05 1.1 -8.28951e-05 -8.12772e-07 1.05562e-05
0.1 1.1 -8.17368e-05 -2.06792e-06 1.03262e-05
0.15 1.1 -8.00921e-05 -3.05163e-06 9.96499e-06
0.2 1.1 -7.76951e-05 -4.02408e-06 9.46752e-06
0.25 1.1 -7.47463e-05 -4.86409e-06 8.86788e-06
0.3 1.1 -7.1244e-05 -5.59069e-06 8.20032e-06
0.35 1.1 -6.73057e-05 -6.19749e-06 7.48195e-06
0.4 1.1 -6.29613e-05 -6.68749e-06 6.74986e-06
0.45 1.1 -5.83197e-05 -7.07134e-06 6.01217e-06
0.5 1.1 -5.34008e-05 -7.36146e-06 5.29749e-06
0.55 1.1 -4.83008e-05 -7.5703e-06 4.60569e-06
0.6 1.1 -4.30265e-05 -7.71527e-06 3.95494e-06
0.65 1.1 -3.76549e-05 -7.80637e-06 3.33909e-06
0.7 1.1 -3.21828e-05 -7.86141e-06 2.76721e-06
0.75 1.1 -2.66664e-05 -7.88629e-06 2.22989e-06
0.8 1.1 -2.10974e-05 -7.89674e-06 1.72936e-06
0.85 1.1 -1.55129e-05 -7.89432e-06 1.25515e-06
0.9 1.1 -9.9047e-06 -7.89165e-06 8.04715e-07
0.95 1.1 -4.29371e-06 -7.88632e-06 3.68089e-07
1 1.1 1.32368e-06 -7.88758e-06 -6.05634e-08
1.05 1.1 6.93902e-06 -7.88939e-06 -4.89708e-07
1.1 1.1 1.25471e-05 -7.89755e-06 -9.27416e-07
1.15 1.1 1.8148e-05 -7.90265e-06 -1.37983e-06
1.2 1.1 2.3724e-05 -7.90685e-06 -1.85638e-06
1.25 1.1 2.92798e-05 -7.89747e-06 -2.35988e-06
1.3 1.1 3.47814e-05 -7.87271e-06 -2.90012e-06
1.35 1.1 4.02333e-05 -7.81691e-06 -3.47511e-06
1.4 1.1 4.55828e-05 -7.72406e-06 -4.09346e-06
1.45 1.1 5.08293e-05 -7.57655e-06 -4.74642e-06
1.5 1.1 5.58998e-05 -7.36448e-06 -5.43922e-06
1.55 1.1 6.07841e-05 -7.07073e-06 -6.15419e-06
1.6 1.1 6.53905e-05 -6.68325e-06 -6.89058e-06
1.65 1.1 6.96963e-05 -6.1899e-06 -7.62057e-06
1.7 1.1 7.35977e-05 -5.58067e-06 -8.33536e-06
1.75 1.1 7.7063e-05 -4.8526e-06 -8.99896e-06
1.8 1.1 7.99794e-05 -4.01285e-06 -9.59395e-06
1.85 1.1 8.23484e-05 -3.04177e-06 -1.00873e-05
1.9 1.1 8.39727e-05 -2.06135e-06 -1.0445e-05
1.95 1.1 8.51179e-05 -8.10523e-07 -1.06749e-05
2 1.1 8.51179e-05 0 0

0 1.15 -8.88402e-05 0 0
0.05 1.15 -8.88402e-05 -9.42928e-07 1.17964e-05
0.1 1.15 -8.75256e-05 -2.40336e-06 1.15052e-05
0.15 1.15 -8.5655e-05 -3.52146e-06 1.10617e-05
0.2 1.15 -8.29635e-05 -4.62795e-06 1.04449e-05
0.25 1.15 -7.96384e-05 -5.55396e-06 9.72275e-06
0.3 1.15 -7.57545e-05 -6.34439e-06 8.91368e-06
0.35 1.15 -7.13712e-05 -6.97972e-06 8.07026e-06
0.4 1.15 -6.66185e-05 -7.47607e-06 7.20735e-06
0.45 1.15 -6.15278e-05 -7.84545e-06 6.36603e-06
0.5 1.15 -5.62208e-05 -8.10504e-06 5.54959e-06
0.55 1.15 -5.07093e-05 -8.27644e-06 4.78493e-06
0.6 1.15 -4.5092e-05 -8.37449e-06 4.06612e-06
0.65 1.15 -3.93652e-05 -8.42229e-06 3.40727e-06
0.7 1.15 -3.36013e-05 -8.42958e-06 2.79724e-06
0.75 1.15 -2.77872e-05 -8.417e-06 2.24064e-06
0.8 1.15 -2.19706e-05 -8.38873e-06 1.72442e-06
0.85 1.15 -1.61354e-05 -8.36152e-06 1.2468e-06
0.9 1.15 -1.03085e-05 -8.33455e-06 7.94963e-07
0.95 1.15 -4.47685e-06 -8.32048e-06 3.62938e-07
1 1.15 1.34922e-06 -8.3142e-06 -6.0659e-08
1.05 1.15 7.17503e-06 -8.32442e-06 -4.84679e-07
1.1 1.15 1.30022e-05 -8.3422e-06 -9.18326e-07
1.15 1.15 1.88238e-05 -8.37228e-06 -1.37249e-06
1.2 1.15 2.46491e-05 -8.40189e-06 -1.85343e-06
1.25 1.15 3.04543e-05 -8.4315e-06 -2.37328e-06
1.3 1.15 3.62515e-05 -8.44436e-06 -2.93406e-06
1.35 1.15 4.19963e-05 -8.43603e-06 -3.54794e-06
1.4 1.15 4.76974e-05 -8.38603e-06 -4.21057e-06
1.45 1.15 5.32866e-05 -8.28455e-06 -4.93204e-06
1.5 1.15 5.8763e-05 -8.10885e-06 -5.69864e-06
1.55 1.15 6.40329e-05 -7.84432e-06 -6.51514e-06
1.6 1.15 6.90806e-05 -7.46988e-06 -7.35537e-06
1.65 1.15 7.379e-05 -6.96894e-06 -8.21499e-06
1.7 1.15 7.81272e-05 -6.32991e-06 -9.05408e-06
1.75 1.15 8.19679e-05 -5.53757e-06 -9.85716e-06
1.8 1.15 8.52517e-05 -4.61144e-06 -1.05732e-05
1.85 1.15 8.79094e-05 -3.5073e-06 -1.11838e-05
1.9 1.15 8.97537e-05 -2.39329e-06 -1.16225e-05
1.95 1.15 9.10521e-05 -9.39672e-07 -1.19125e-05
2 1.15 9.10521e-05 0 0

0 1.2 -9.55716e-05 0 0
0.05 1.2 -9.55716e-05 -1.11729e-06 1.32376e-05
0.1 1.2 -9.4045e-05 -2.81568e-06 1.28692e-05
0.15 1.2 -9.19154e-05 -4.11195e-06 1.23075e-05
0.2 1.2 -8.8825e-05 -5.36305e-06 1.15474e-05
0.25 1.2 -8.50808e-05 -6.3953e-06 1.06522e-05
0.3 1.2 -8.06867e-05 -7.24317e-06 9.68224e-06
0.35 1.2 -7.58239e-05 -7.90382e-06 8.6667e-06
0.4 1.2 -7.05359e-05 -8.39172e-06 7.66415e-06
0.45 1.2 -6.49789e-05 -8.7291e-06 6.68452e-06
0.5 1.2 -5.91748e-05 -8.94256e-06 5.76783e-06
0.55 1.2 -5.32514e-05 -9.05376e-06 4.90943e-06
0.6 1.2 -4.72076e-05 -9.09293e-06 4.13107e-06
0.65 1.2 -4.11375e-05 -9.07525e-06 3.41968e-06
0.7 1.2 -3.50241e-05 -9.02804e-06 2.78344e-06
0.75 1.2 -2.893e-05 -8.95912e-06 2.20605e-06
0.8 1.2 -2.28309e-05 -8.89058e-06 1.6869e-06
0.85 1.2 -1.67626e-05 -8.82377e-06 1.20968e-06
0.9 1.2 -1.07011e-05 -8.77551e-06 7.68388e-07
0.95 1.2 -4.66081e-06 -8.74194e-06 3.48301e-07
1 1.2 1.37561e-06 -8.73519e-06 -6.00714e-08
1.05 1.2 7.41003e-06 -8.74705e-06 -4.69207e-07
1.1 1.2 1.34481e-05 -8.78536e-06 -8.91154e-07
1.15 1.2 1.95031e-05 -8.83775e-06 -1.33571e-06
1.2 1.2 2.55641e-05 -8.90763e-06 -1.81696e-06
1.25 1.2 3.16503e-05 -8.9781e-06 -2.34116e-06
1.3 1.2 3.77298e-05 -9.04737e-06 -2.92374e-06
1.35 1.2 4.38216e-05 -9.09343e-06 -3.56552e-06
1.4 1.2 4.98671e-05 -9.10816e-06 -4.28164e-06
1.45 1.2 5.58782e-05 -9.06462e-06 -5.06422e-06
1.5 1.2 6.17652e-05 -8.94758e-06 -5.92492e-06
1.55 1.2 6.75246e-05 -8.72746e-06 -6.84256e-06
1.6 1.2 7.30343e-05 -8.3831e-06 -7.82032e-06
1.65 1.2 7.82686e-05 -7.88861e-06 -8.81925e-06
1.7 1.2 8.30779e-05 -7.22283e-06 -9.82829e-06
1.75 1.2 8.74171e-05 -6.37171e-06 -1.07906e-05
1.8 1.2 9.11118e-05 -5.33947e-06 -1.16766e-05
1.85 1.2 9.41581e-05 -4.09102e-06 -1.24282e-05
1.9 1.2 9.62554e-05 -2.80098e-06 -1.29826e-05
1.95 1.2 9.77602e-05 -1.1118e-06 -1.33487e-05
2 1.2 9.77602e-05 0 0

0 1.25 -0.0001032 0 0
0.05 1.25 -0.0001032 -1.32638e-06 1.49373e-05
0.1 1.25 -0.000101421 -3.34826e-06 1.44547e-05
0.15 1.25 -9.89354e-05 -4.84325e-06 1.37457e-05
0.2 1.25 -9.5388e-05 -6.28317e-06 1.27786e-05
0.25 1.25 -9.1074e-05 -7.41915e-06 1.16792e-05
0.3 1.25 -8.61179e-05 -8.32993e-06 1.04829e-05
0.35 1.25 -8.06158e-05 -8.99781e-06 9.27744e-06
0.4 1.25 -7.47619e-05 -9.45825e-06 8.08466e-06
0.45 1.25 -6.85973e-05 -9.74176e-06 6.96453e-06
0.5 1.25 -6.22898e-05 -9.88013e-06 5.91611e-06
0.55 1.25 -5.58447e-05 -9.9132e-06 4.97285e-06
0.6 1.25 -4.9387e-05 -9.86423e-06 4.11974e-06
0.65 1.25 -4.28969e-05 -9.76992e-06 3.37029e-06
0.7 1.25 -3.64577e-05 -9.64321e-06 2.70398e-06
0.75 1.25 -3.00367e-05 -9.51354e-06 2.12182e-06
0.8 1.25 -2.36819e-05 -9.3851e-06 1.60301e-06
0.85 1.25 -1.73578e-05 -9.28003e-06 1.14145e-06
0.9 1.25 -1.10848e-05 -9.19593e-06 7.18383e-07
0.95 1.25 -4.83204e-06 -9.14894e-06 3.23639e-07
1 1.25 1.4008e-06 -9.1317e-06 -5.88585e-08
1.05 1.25 7.63393e-06 -9.1555e-06 -4.42107e-07
1.1 1.25 1.38832e-05 -9.20869e-06 -8.39457e-07
1.15 1.25 2.01528e-05 -9.29808e-06 -1.26646e-06
1.2 1.25 2.64688e-05 -9.40735e-06 -1.7335e-06
1.25 1.25 3.28143e-05 -9.53827e-06 -2.25858e-06
1.3 1.25 3.92193e-05 -9.66872e-06 -2.84793e-06
1.35 1.25 4.56397e-05 -9.79393e-06 -3.52122e-06
1.4 1.25 5.2102e-05 -9.88473e-06 -4.27761e-06
1.45 1.25 5.85276e-05 -9.92784e-06 -5.13607e-06
1.5 1.25 6.49299e-05 -9.88719e-06 -6.08343e-06
1.55 1.25 7.11898e-05 -9.73972e-06 -7.13283e-06
1.6 1.25 7.72964e-05 -9.44657e-06 -8.25165e-06
1.65 1.25 8.30893e-05 -8.97691e-06 -9.43901e-06
1.7 1.25 8.85239e-05 -8.3013e-06 -1.06366e-05
1.75 1.25 9.34145e-05 -7.38592e-06 -1.18216e-05
1.8 1.25 9.7664e-05 -6.24896e-06 -1.29087e-05
1.85 1.25 0.000101157 -4.81323e-06 -1.38628e-05
1.9 1.25 0.0001036 -3.32609e-06 -1.45616e-05
1.95 1.25 0.000105351 -1.31846e-06 -1.50394e-05
2 1.25 0.000105351 0 0

0 1.3 -0.000111902 0 0
0.05 1.3 -0.000111902 -1.61704e-06 1.6961e-05
0.1 1.3 -0.000109769 -4.02403e-06 1.63266e-05
0.15 1.3 -0.000106864 -5.78805e-06 1.54004e-05
0.2 1.3 -0.000102684 -7.42951e-06 1.41771e-05
0.25 1.3 -9.77249e-05 -8.69105e-06 1.27844e-05
0.3 1.3 -9.20056e-05 -9.64497e-06 1.1328e-05
0.35 1.3 -8.5812e-05 -1.0302e-05 9.85879e-06
0.4 1.3 -7.92079e-05 -1.07046e-05 8.46573e-06
0.45 1.3 -7.24175e-05 -1.08976e-05 7.15757e-06
0.5 1.3 -6.54608e-05 -1.09342e-05 5.98559e-06
0.55 1.3 -5.85048e-05 -1.08501e-05 4.93362e-06
0.6 1.3 -5.15306e-05 -1.06955e-05 4.02331e-06
0.65 1.3 -4.46498e-05 -1.0491e-05 3.22843e-06
0.7 1.3 -3.78211e-05 -1.02765e-05 2.55235e-06
0.75 1.3 -3.11098e-05 -1.00601e-05 1.96794e-06
0.8 1.3 -2.44671e-05 -9.87095e-06 1.4689e-06
0.85 1.3 -1.79225e-05 -9.70839e-06 1.03108e-06
0.9 1.3 -1.143e-05 -9.59332e-06 6.43372e-07
0.95 1.3 -4.99248e-06 -9.51919e-06 2.85446e-07
1 1.3 1.42659e-06 -9.50094e-06 -5.6663e-08
1.05 1.3 7.84414e-06 -9.52765e-06 -3.99936e-07
1.1 1.3 1.42815e-05 -9.60971e-06 -7.60934e-07
1.15 1.3 2.07701e-05 -9.7318e-06 -1.15389e-06
1.2 1.3 2.73109e-05 -9.89975e-06 -1.59846e-06
1.25 1.3 3.39442e-05 -1.00925e-05 -2.10593e-06
1.3 1.3 4.06441e-05 -1.031e-05 -2.69937e-06
1.35 1.3 4.74527e-05 -1.05231e-05 -3.38521e-06
1.4 1.3 5.4309e-05 -1.0723e-05 -4.18898e-06
1.45 1.3 6.12466e-05 -1.08704e-05 -5.10747e-06
1.5 1.3 6.81595e-05 -1.09443e-05 -6.16472e-06
1.55 1.3 7.50592e-05 -1.08957e-05 -7.33957e-06
1.6 1.3 8.17859e-05 -1.06893e-05 -8.64569e-06
1.65 1.3 8.83138e-05 -1.02736e-05 -1.0033e-05
1.7 1.3 9.44283e-05 -9.60538e-06 -1.14908e-05
1.75 1.3 0.000100063 -8.64383e-06 -1.29325e-05
1.8 1.3 0.000104943 -7.38076e-06 -1.43069e-05
1.85 1.3 0.00010905 -5.74387e-06 -1.55122e-05
1.9 1.3 0.0001119 -3.99156e-06 -1.64226e-05
1.95 1.3 0.000113995 -1.60419e-06 -1.70491e-05
2 1.3 0.000113995 0 0

0 1.35 -0.000121856 0 0
0.05 1.35 -0.000121856 -1.9805e-06 1.94158e-05
0.1 1.35 -0.00011928 -4.92805e-06 1.85477e-05
0.15 1.35 -0.000115787 -6.99278e-06 1.73395e-05
0.2 1.35 -0.000110861 -8.89917e-06 1.57385e-05
0.25 1.35 -0.00010501 -1.02683e-05 1.39918e-05
0.3 1.35 -9.84406e-05 -1.12555e-05 1.21674e-05
0.35 1.35 -9.13141e-05 -1.18601e-05 1.0408e-05
0.4 1.35 -8.39195e-05 -1.21595e-05 8.7428e-06
0.45 1.35 -7.63081e-05 -1.22219e-05 7.25094e-06
0.5 1.35 -6.87059e-05 -1.21041e-05 5.91837e-06
0.55 1.35 -6.11006e-05 -1.18755e-05 4.77874e-06
0.6 1.35 -5.36432e-05 -1.15694e-05 3.79863e-06
0.65 1.35 -4.62848e-05 -1.12409e-05 2.98449e-06
0.7 1.35 -3.91139e-05 -1.09037e-05 2.30017e-06
0.75 1.35 -3.20669e-05 -1.0597e-05 1.73858e-06
0.8 1.35 -2.51857e-05 -1.0322e-05 1.26806e-06
0.85 1.35 -1.84066e-05 -1.01056e-05 8.75772e-07
0.9 1.35 -1.17377e-05 -9.94157e-06 5.35915e-07
0.95 1.35 -5.1242e-06 -9.84897e-06 2.33152e-07
1 1.35 1.45043e-06 -9.81708e-06 -5.34656e-08
1.05 1.35 8.02643e-06 -9.85977e-06 -3.41335e-07
1.1 1.35 1.4639e-05 -9.96265e-06 -6.48158e-07
1.15 1.35 2.13089e-05 -1.01356e-05 -9.94378e-07
1.2 1.35 2.80851e-05 -1.03594e-05 -1.39552e-06
1.25 1.35 3.49631e-05 -1.06392e-05 -1.8765e-06
1.3 1.35 4.19994e-05 -1.0948e-05 -2.45026e-06
1.35 1.35 4.91561e-05 -1.12835e-05 -3.147e-06
1.4 1.35 5.64885e-05 -1.1607e-05 -3.97384e-06
1.45 1.35 6.39126e-05 -1.19036e-05 -4.96465e-06
1.5 1.35 7.14682e-05 -1.21193e-05 -6.11309e-06
1.55 1.35 7.90109e-05 -1.22207e-05 -7.44953e-06
1.6 1.35 8.65445e-05 -1.214e-05 -8.94091e-06
1.65 1.35 9.38523e-05 -1.1822e-05 -1.05981e-05
1.7 1.35 0.000100878 -1.12008e-05 -1.23438e-05
1.75 1.35 0.000107345 -1.02021e-05 -1.41469e-05
1.8 1.35 0.00011309 -8.82867e-06 -1.58689e-05
1.85 1.35 0.000117924 -6.92893e-06 -1.74424e-05
1.9 1.35 0.000121343 -4.87895e-06 -1.86277e-05
1.95 1.35 0.000123867 -1.96162e-06 -1.94818e-05
2 1.35 0.000123867 0 0

0 1.4 -0.000133354 0 0
0.05 1.4 -0.000133354 -2.50799e-06 2.24321e-05
0.1 1.4 -0.000130134 -6.12246e-06 2.12287e-05
0.15 1.4 -0.000125926 -8.59721e-06 1.95974e-05
0.2 1.4 -0.000119942 -1.07771e-05 1.75088e-05
0.25 1.4 -0.000113063 -1.22622e-05 1.5252e-05
0.3 1.4 -0.000105324 -1.32288e-05 1.29996e-05
0.35 1.4 -9.71847e-05 -1.37266e-05 1.08409e-05
0.4 1.4 -8.87358e-05 -1.38617e-05 8.8964e-06
0.45 1.4 -8.02904e-05 -1.37221e-05 7.16382e-06
0.5 1.4 -7.18542e-05 -1.34064e-05 5.69445e-06
0.55 1.4 -6.3634e-05 -1.29699e-05 4.44695e-06
0.6 1.4 -5.55748e-05 -1.24897e-05 3.43123e-06
0.65 1.4 -4.77977e-05 -1.19895e-05 2.59827e-06
0.7 1.4 -4.02211e-05 -1.15224e-05 1.93885e-06
0.75 1.4 -3.2904e-05 -1.10922e-05 1.41021e-06
0.8 1.4 -2.57612e-05 -1.07338e-05 9.96293e-07
0.85 1.4 -1.88082e-05 -1.04405e-05 6.63659e-07
0.9 1.4 -1.19689e-05 -1.02359e-05 3.94566e-07
0.95 1.4 -5.22855e-06 -1.01086e-05 1.63237e-07
1 1.4 1.47414e-06 -1.00754e-05 -4.88411e-08
1.05 1.4 8.1765e-06 -1.01223e-05 -2.62643e-07
1.1 1.4 1.49207e-05 -1.02628e-05 -4.98799e-07
1.15 1.4 2.17621e-05 -1.04792e-05 -7.7603e-07
1.2 1.4 2.87193e-05 -1.07819e-05 -1.1195e-06
1.25 1.4 3.58615e-05 -1.11473e-05 -1.54705e-06
1.3 1.4 4.31767e-05 -1.15805e-05 -2.09097e-06
1.35 1.4 5.07408e-05 -1.20467e-05 -2.76729e-06
1.4 1.4 5.84993e-05 -1.25407e-05 -3.6167e-06
1.45 1.4 6.65229e-05 -1.30097e-05 -4.64826e-06
1.5 1.4 7.46959e-05 -1.34292e-05 -5.90774e-06
1.55 1.4 8.30621e-05 -1.37235e-05 -7.38513e-06
1.6 1.4 9.1423e-05 -1.38378e-05 -9.11751e-06
1.65 1.4 9.97635e-05 -1.36764e-05 -1.10544e-05
1.7 1.4 0.000107783 -1.31542e-05 -1.3194e-05
1.75 1.4 0.000115387 -1.21689e-05 -1.5419e-05
1.8 1.4 0.000122134 -1.06763e-05 -1.76392e-05
1.85 1.4 0.000127991 -8.50277e-06 -1.96887e-05
1.9 1.4 0.000132101 -6.04932e-06 -2.12847e-05
1.95 1.4 0.000135248 -2.47754e-06 -2.24646e-05
2 1.4 0.000135248 0 0

0 1.45 -0.000146712 0 0
0.05 1.45 -0.000146712 -3.21067e-06 2.62245e-05
0.1 1.45 -0.000142629 -7.78846e-06 2.44797e-05
0.15 1.45 -0.0001374 -1.07127e-05 2.22724e-05
0.2 1.45 -0.000130121 -1.32445e-05 1.94575e-05
0.25 1.45 -0.000121805 -1.47774e-05 1.65693e-05
0.3 1.45 -0.000112744 -1.56666e-05 1.37198e-05
0.35 1.45 -0.000103234 -1.59633e-05 1.11257e-05
0.4 1.45 -9.36817e-05 -1.58366e-05 8.81398e-06
0.45 1.45 -8.41432e-05 -1.54239e-05 6.86318e-06
0.5 1.45 -7.49021e-05 -1.48209e-05 5.22618e-06
0.55 1.45 -6.59041e-05 -1.41387e-05 3.91539e-06
0.6 1.45 -5.73141e-05 -1.34181e-05 2.86392e-06
0.65 1.45 -4.90302e-05 -1.27333e-05 2.05702e-06
0.7 1.45 -4.11329e-05 -1.20918e-05 1.43544e-06
0.75 1.45 -3.35105e-05 -1.15395e-05 9.76898e-07
0.8 1.45 -2.61879e-05 -1.10685e-05 6.3668e-07
0.85 1.45 -1.90627e-05 -1.07073e-05 3.92632e-07
0.9 1.45 -1.21228e-05 -1.0442e-05 2.12442e-07
0.95 1.45 -5.28321e-06 -1.02924e-05 7.55017e-08
1 1.45 1.49456e-06 -1.0243e-05 -4.26471e-08
1.05 1.45 8.27558e-06 -1.03097e-05 -1.62741e-07
1.1 1.45 1.51195e-05 -1.0476e-05 -3.05725e-07
1.15 1.45 2.20689e-05 -1.07563e-05 -4.95702e-07
1.2 1.45 2.92021e-05 -1.11304e-05 -7.53417e-07
1.25 1.45 3.65348e-05 -1.16107e-05 -1.11043e-06
1.3 1.45 4.41601e-05 -1.21682e-05 -1.58892e-06
1.35 1.45 5.20568e-05 -1.28093e-05 -2.232e-06
1.4 1.45 6.03248e-05 -1.3488e-05 -3.06171e-06
1.45 1.45 6.8888e-05 -1.41946e-05 -4.13432e-06
1.5 1.45 7.78346e-05 -1.48562e-05 -5.46396e-06
1.55 1.45 8.70059e-05 -1.54305e-05 -7.1128e-06
1.6 1.45 9.64427e-05 -1.58092e-05 -9.06778e-06
1.65 1.45 0.000105872 -1.58984e-05 -1.13703e-05
1.7 1.45 0.000115229 -1.55654e-05 -1.39423e-05
1.75 1.45 0.000124123 -1.46473e-05 -1.67532e-05
1.8 1.45 0.000132261 -1.30984e-05 -1.95915e-05
1.85 1.45 0.000139372 -1.05744e-05 -2.23469e-05
1.9 1.45 0.000144465 -7.67622e-06 -2.45015e-05
1.95 1.45 0.000148443 -3.16425e-06 -2.62052e-05
2 1.45 0.000148443 0 0

0 1.5 -0.000162447 0 0
0.05 1.5 -0.000162447 -4.28447e-06 3.10935e-05
0.1 1.5 -0.000157044 -1.01047e-05 2.84886e-05
0.15 1.5 -0.000150535 -1.36194e-05 2.54108e-05
0.2 1.5 -0.000141384 -1.64802e-05 2.16062e-05
0.25 1.5 -0.000131373 -1.79999e-05 1.78244e-05
0.3 1.5 -0.000120492 -1.86723e-05 1.42736e-05
0.35 1.5 -0.000109489 -1.86324e-05 1.11066e-05
0.4 1.5 -9.84749e-05 -1.81242e-05 8.43699e-06
0.45 1.5 -8.78517e-05 -1.73099e-05 6.22265e-06
0.5 1.5 -7.75814e-05 -1.63542e-05 4.47464e-06
0.55 1.5 -6.78873e-05 -1.53321e-05 3.10198e-06
0.6 1.5 -5.86456e-05 -1.43481e-05 2.07659e-06
0.65 1.5 -4.99633e-05 -1.34179e-05 1.3147e-06
0.7 1.5 -4.16949e-05 -1.26025e-05 7.81646e-07
0.75 1.5 -3.38751e-05 -1.18909e-05 4.15803e-07
0.8 1.5 -2.63685e-05 -1.1318e-05 1.86809e-07
0.85 1.5 -1.91655e-05 -1.08648e-05 5.2898e-08
0.9 1.5 -1.21521e-05 -1.05531e-05 -1.06254e-08
0.95 1.5 -5.28928e-06 -1.03637e-05 -3.25685e-08
1 1.5 1.51325e-06 -1.03137e-05 -3.44124e-08
1.05 1.5 8.31775e-06 -1.03854e-05 -3.86787e-08
1.1 1.5 1.51914e-05 -1.05957e-05 -6.7737e-08
1.15 1.5 2.22181e-05 -1.09268e-05 -1.43212e-07
1.2 1.5 2.94408e-05 -1.13966e-05 -2.93583e-07
1.25 1.5 3.69647e-05 -1.19828e-05 -5.43651e-07
1.3 1.5 4.48027e-05 -1.27021e-05 -9.34258e-07
1.35 1.5 5.30785e-05 -1.35195e-05 -1.49563e-06
1.4 1.5 6.17604e-05 -1.4443e-05 -2.28715e-06
1.45 1.5 7.09791e-05 -1.54119e-05 -3.34276e-06
1.5 1.5 8.06313e-05 -1.64077e-05 -4.7418e-06
1.55 1.5 9.08237e-05 -1.73273e-05 -6.5107e-06
1.6 1.5 0.00010134 -1.80953e-05 -8.73352e-06
1.65 1.5 0.000112203 -1.85509e-05 -1.13972e-05
1.7 1.5 0.000123023 -1.85371e-05 -1.45363e-05
1.75 1.5 0.000133684 -1.78181e-05 -1.80381e-05
1.8 1.5 0.000143467 -1.627e-05 -2.1748e-05
1.85 1.5 0.000152381 -1.34128e-05 -2.54651e-05
1.9 1.5 0.000158706 -9.9328e-06 -2.84612e-05
1.95 1.5 0.00016395 -4.20822e-06 -3.0995e-05
2 1.5 0.00016395 0 0

0 1.55 -0.000181244 0 0
0.05 1.55 -0.000181244 -5.85377e-06 3.74421e-05
0.1 1.55 -0.000173882 -1.35071e-05 3.33905e-05
0.15 1.55 -0.000165524 -1.75951e-05 2.91011e-05
0.2 1.55 -0.000153943 -2.08309e-05 2.38278e-05
0.25 1.55 -0.000141573 -2.211e-05 1.89286e-05
0.3 1.55 -0.000128596 -2.23845e-05 1.44448e-05
0.35 1.55 -0.000115599 -2.17998e-05 1.06748e-05
0.4 1.55 -0.000103076 -2.07205e-05 7.58095e-06
0.45 1.55 -9.10586e-05 -1.93862e-05 5.17085e-06
0.5 1.55 -7.98445e-05 -1.79416e-05 3.32055e-06
0.55 1.55 -6.92907e-05 -1.65367e-05 1.97207e-06
0.6 1.55 -5.9534e-05 -1.52054e-05 1.00467e-06
0.65 1.55 -5.0385e-05 -1.40282e-05 3.58848e-07
0.7 1.55 -4.18866e-05 -1.29906e-05 -5.26056e-08
0.75 1.55 -3.38594e-05 -1.21344e-05 -2.75393e-07
0.8 1.55 -2.62937e-05 -1.14314e-05 -3.6527e-07
0.85 1.55 -1.90393e-05 -1.09047e-05 -3.54632e-07
0.9 1.55 -1.2055e-05 -1.05275e-05 -2.783e-07
0.95 1.55 -5.22125e-06 -1.03162e-05 -1.60062e-07
1 1.55 1.52636e-06 -1.02491e-05 -2.3836e-08
1.05 1.55 8.28028e-06 -1.03431e-05 1.09612e-07
1.1 1.55 1.51273e-05 -1.05806e-05 2.19454e-07
1.15 1.55 2.21361e-05 -1.09822e-05 2.81763e-07
1.2 1.55 2.94184e-05 -1.15308e-05 2.72572e-07
1.25 1.55 3.70187e-05 -1.22513e-05 1.57289e-07
1.3 1.55 4.50764e-05 -1.31202e-05 -9.65879e-08
1.35 1.55 5.36036e-05 -1.41622e-05 -5.43658e-07
1.4 1.55 6.27645e-05 -1.53351e-05 -1.22916e-06
1.45 1.55 7.25181e-05 -1.66493e-05 -2.23707e-06
1.5 1.55 8.30342e-05 -1.80241e-05 -3.62501e-06
1.55 1.55 9.4179e-05 -1.94222e-05 -5.50705e-06
1.6 1.55 0.000106074 -2.06957e-05 -7.93716e-06
1.65 1.55 0.000118428 -2.17012e-05 -1.1029e-05
1.7 1.55 0.000131194 -2.22063e-05 -1.47704e-05
1.75 1.55 0.000143897 -2.18589e-05 -1.9189e-05
1.8 1.55 0.000155956 -2.05255e-05 -2.39903e-05
1.85 1.55 0.000167213 -1.72877e-05 -2.91298e-05
1.9 1.55 0.000175311 -1.3236e-05 -3.32956e-05
1.95 1.55 0.000182431 -5.73069e-06 -3.72196e-05
2 1.55 0.000182431 0 0

0 1.6 -0.000203685 0 0
0.05 1.6 -0.000203685 -8.38311e-06 4.64837e-05
0.1 1.6 -0.0001933 -1.84892e-05 3.97125e-05
0.15 1.6 -0.000182676 -2.31821e-05 3.35073e-05
0.2 1.6 -0.000167588 -2.66526e-05 2.60582e-05
0.25 1.6 -0.000152431 -2.73829e-05 1.96245e-05
0.3 1.6 -0.000136616 -2.69261e-05 1.40433e-05
0.35 1.6 -0.000121472 -2.54963e-05 9.56136e-06
0.4 1.6 -0.000107009 -2.36282e-05 6.11214e-06
0.45 1.6 -9.36681e-05 -2.15703e-05 3.5332e-06
0.5 1.6 -8.12927e-05 -1.9553e-05 1.70092e-06
0.55 1.6 -7.00487e-05 -1.7648e-05 4.35497e-07
0.6 1.6 -5.96899e-05 -1.59613e-05 -3.72107e-07
0.65 1.6 -5.02592e-05 -1.44752e-05 -8.48804e-07
0.7 1.6 -4.15173e-05 -1.32368e-05 -1.06898e-06
0.75 1.6 -3.34472e-05 -1.22036e-05 -1.10922e-06
0.8 1.6 -2.58507e-05 -1.13973e-05 -1.01589e-06
0.85 1.6 -1.86798e-05 -1.07778e-05 -8.32381e-07
0.9 1.6 -1.17793e-05 -1.03585e-05 -5.87508e-07
0.95 1.6 -5.08102e-06 -1.01092e-05 -3.06832e-07
1 1.6 1.53487e-06 -1.0044e-05 -1.04821e-08
1.05 1.6 8.15652e-06 -1.01421e-05 2.82733e-07
1.1 1.6 1.4877e-05 -1.04236e-05 5.53821e-07
1.15 1.6 2.18095e-05 -1.08737e-05 7.8252e-07
1.2 1.6 2.90258e-05 -1.15211e-05 9.42926e-07
1.25 1.6 3.66717e-05 -1.23519e-05 1.00587e-06
1.3 1.6 4.47975e-05 -1.3403e-05 9.27962e-07
1.35 1.6 5.35875e-05 -1.46521e-05 6.62745e-07
1.4 1.6 6.30597e-05 -1.61364e-05 1.35057e-07
1.45 1.6 7.3433e-05 -1.78078e-05 -7.28249e-07
1.5 1.6 8.46644e-05 -1.96777e-05 -2.04929e-06
1.55 1.6 9.69735e-05 -2.16395e-05 -3.9327e-06
1.6 1.6 0.000110195 -2.36173e-05 -6.54786e-06
1.65 1.6 0.000124458 -2.53841e-05 -1.00094e-05
1.7 1.6 0.000139331 -2.6697e-05 -1.44641e-05
1.75 1.6 0.000154785 -2.70381e-05 -1.99672e-05
1.8 1.6 0.000169538 -2.62108e-05 -2.62673e-05
1.85 1.6 0.000184158 -2.2718e-05 -3.35142e-05
1.9 1.6 0.000194422 -1.80588e-05 -3.95283e-05
1.95 1.6 0.000204422 -8.17272e-06 -4.60625e-05
2 1.6 0.000204422 0 0

0 1.65 -0.00023352 0 0
0.05 1.65 -0.00023352 -1.26847e-05 5.69701e-05
0.1 1.65 -0.000217405 -2.65373e-05 4.61813e-05
0.15 1.65 -0.000203076 -3.12494e-05 3.77998e-05
0.2 1.65 -0.000182784 -3.47136e-05 2.74768e-05
0.25 1.65 -0.000163676 -3.41248e-05 1.93626e-05
0.3 1.65 -0.000144455 -3.24476e-05 1.25484e-05
0.35 1.65 -0.000126517 -2.9731e-05 7.45728e-06
0.4 1.65 -0.000110104 -2.67486e-05 3.73734e-06
0.45 1.65 -9.5147e-05 -2.37974e-05 1.17208e-06
0.5 1.65 -8.181e-05 -2.10393e-05 -5.22808e-07
0.55 1.65 -6.97721e-05 -1.86098e-05 -1.55189e-06
0.6 1.65 -5.90532e-05 -1.64897e-05 -2.1061e-06
0.65 1.65 -4.93303e-05 -1.47251e-05 -2.31299e-06
0.7 1.65 -4.05623e-05 -1.32511e-05 -2.2802e-06
0.75 1.65 -3.24848e-05 -1.20813e-05 -2.0788e-06
0.8 1.65 -2.5033e-05 -1.11546e-05 -1.76384e-06
0.85 1.65 -1.80059e-05 -1.04763e-05 -1.37348e-06
0.9 1.65 -1.13263e-05 -1.00019e-05 -9.35137e-07
0.95 1.65 -4.8431e-06 -9.73914e-06 -4.69984e-07
1 1.65 1.53425e-06 -9.65951e-06 6.20791e-09
1.05 1.65 7.92244e-06 -9.77875e-06 4.78872e-07
1.1 1.65 1.44327e-05 -1.00808e-05 9.33562e-07
1.15 1.65 2.11598e-05 -1.0593e-05 1.35384e-06
1.2 1.65 2.8247e-05 -1.13075e-05 1.71812e-06
1.25 1.65 3.57746e-05 -1.22663e-05 1.99802e-06
1.3 1.65 4.39317e-05 -1.34633e-05 2.15473e-06
1.35 1.65 5.27844e-05 -1.49551e-05 2.13268e-06
1.4 1.65 6.25784e-05 -1.67261e-05 1.86087e-06
1.45 1.65 7.33533e-05 -1.88336e-05 1.23346e-06
1.5 1.65 8.54044e-05 -2.12286e-05 1.25935e-07
1.55 1.65 9.87067e-05 -2.39208e-05 -1.645e-06
1.6 1.65 0.000113545 -2.67724e-05 -4.27394e-06
1.65 1.65 0.000129751 -2.96174e-05 -8.02743e-06
1.7 1.65 0.000147361 -3.21641e-05 -1.3103e-05
1.75 1.65 0.000166133 -3.36621e-05 -1.98233e-05
1.8 1.65 0.000184703 -3.40725e-05 -2.77632e-05
1.85 1.65 0.000204321 -3.05487e-05 -3.77765e-05
1.9 1.65 0.000218137 -2.5829e-05 -4.5878e-05
1.95 1.65 0.0002336 -1.23166e-05 -5.62385e-05
2 1.65 0.0002336 0 0

0 1.7 -0.000262505 0 0
0.05 1.7 -0.000262505 -1.92489e-05 8.16744e-05
0.1 1.7 -0.00024021 -3.77268e-05 5.88785e-05
0.15 1.7 -0.000223263 -4.18865e-05 4.53112e-05
0.2 1.7 -0.000196861 -4.50897e-05 2.92117e-05
0.25 1.7 -0.000173974 -4.23113e-05 1.83656e-05
0.3 1.7 -0.000150733 -3.88315e-05 9.88291e-06
0.35 1.7 -0.000130112 -3.43073e-05 4.15712e-06
0.4 1.7 -0.000111467 -2.99134e-05 3.42708e-07
0.45 1.7 -9.51776e-05 -2.58304e-05 -2.02416e-06
0.5 1.7 -8.08036e-05 -2.22769e-05 -3.37067e-06
0.55 1.7 -6.83085e-05 -1.92313e-05 -4.01047e-06
0.6 1.7 -5.7252e-05 -1.67224e-05 -4.17291e-06
0.65 1.7 -4.75353e-05 -1.46493e-05 -4.01647e-06
0.7 1.7 -3.88023e-05 -1.30026e-05 -3.65526e-06
0.75 1.7 -3.09517e-05 -1.16872e-05 -3.16055e-06
0.8 1.7 -2.37214e-05 -1.06919e-05 -2.58613e-06
0.85 1.7 -1.70153e-05 -9.94911e-06 -1.96111e-06
0.9 1.7 -1.06443e-05 -9.45501e-06 -1.30987e-06
0.95 1.7 -4.51157e-06 -9.16785e-06 -6.4389e-07
1 1.7 1.5238e-06 -9.09514e-06 2.5593e-08
1.05 1.7 7.57042e-06 -9.21478e-06 6.91506e-07
1.1 1.7 1.37413e-05 -9.5486e-06 1.3461e-06
1.15 1.7 2.01716e-05 -1.00892e-05 1.97792e-06
1.2 1.7 2.69616e-05 -1.08769e-05 2.57392e-06
1.25 1.7 3.42916e-05 -1.19153e-05 3.10868e-06
1.3 1.7 4.22597e-05 -1.32684e-05 3.55093e-06
1.35 1.7 5.1113e-05 -1.49459e-05 3.84557e-06
1.4 1.7 6.09514e-05 -1.70356e-05 3.91958e-06
1.45 1.7 7.21061e-05 -1.95427e-05 3.65903e-06
1.5 1.7 8.46677e-05 -2.25561e-05 2.90735e-06
1.55 1.7 9.9037e-05 -2.60394e-05 1.44141e-06
1.6 1.7 0.000115235 -2.99997e-05 -1.04003e-06
1.65 1.7 0.00013365 -3.42132e-05 -4.94276e-06
1.7 1.7 0.000153891 -3.84928e-05 -1.07001e-05
1.75 1.7 0.000176541 -4.16983e-05 -1.91036e-05
1.8 1.7 0.000198731 -4.4164e-05 -2.97501e-05
1.85 1.7 0.00022414 -4.08328e-05 -4.5366e-05
1.9 1.7 0.000240414 -3.65769e-05 -5.84938e-05
1.95 1.7 0.000261679 -1.86009e-05 -8.03519e-05
2 1.7 0.000261679 0 0

0 1.75 -0.000332761 0 0
0.05 1.75 -0.000332761 -3.55912e-05 8.38449e-05
0.1 1.75 -0.000285745 -6.29924e-05 5.50963e-05
0.15 1.75 -0.000258501 -6.09161e-05 4.16178e-05
0.2 1.75 -0.000217352 -6.16591e-05 2.2845e-05
0.25 1.75 -0.000186623 -5.34535e-05 1.18785e-05
0.3 1.75 -0.000157011 -4.66561e-05 3.28988e-06
0.35 1.75 -0.000132412 -3.92712e-05 -1.90216e-06
0.4 1.75 -0.000111335 -3.29299e-05 -5.00863e-06
0.45 1.75 -9.34328e-05 -2.75108e-05 -6.59553e-06
0.5 1.75 -7.83364e-05 -2.30256e-05 -7.1778e-06
0.55 1.75 -6.53905e-05 -1.9412e-05 -7.13493e-06
0.6 1.75 -5.43502e-05 -1.64957e-05 -6.69363e-06
0.65 1.75 -4.47131e-05 -1.42074e-05 -6.03173e-06
0.7 1.75 -3.63e-05 -1.23951e-05 -5.23618e-06
0.75 1.75 -2.87615e-05 -1.10122e-05 -4.38201e-06
0.8 1.75 -2.1963e-05 -9.95514e-06 -3.49528e-06
0.85 1.75 -1.56658e-05 -9.20006e-06 -2.60442e-06
0.9 1.75 -9.75803e-06 -8.68469e-06 -1.7125e-06
0.95 1.75 -4.07115e-06 -8.40367e-06 -8.27532e-07
1 1.75 1.50355e-06 -8.32412e-06 5.35148e-08
1.05 1.75 7.09514e-06 -8.45825e-06 9.31007e-07
1.1 1.75 1.28284e-05 -8.79437e-06 1.80563e-06
1.15 1.75 1.8816e-05 -9.36523e-06 2.67888e-06
1.2 1.75 2.52207e-05 -1.01767e-05 3.54191e-06
1.25 1.75 3.21578e-05 -1.12893e-05 4.38886e-06
1.3 1.75 3.98565e-05 -1.27265e-05 5.1894e-06
1.35 1.75 4.84521e-05 -1.45864e-05 5.91368e-06
1.4 1.75 5.82762e-05 -1.69126e-05 6.48472e-06
1.45 1.75 6.95025e-05 -1.98458e-05 6.81267e-06
1.5 1.75 8.25997e-05 -2.34462e-05 6.72145e-06
1.55 1.75 9.77949e-05 -2.78681e-05 5.98874e-06
1.6 1.75 0.000115687 -3.31565e-05 4.25044e-06
1.65 1.75 0.000136607 -3.92775e-05 1.01838e-06
1.7 1.75 0.000160839 -4.63249e-05 -4.23342e-06
1.75 1.75 0.000189769 -5.27122e-05 -1.27281e-05
1.8 1.75 0.000219638 -6.03349e-05 -2.3465e-05
1.85 1.75 0.000259243 -5.92923e-05 -4.15468e-05
1.9 1.75 0.000285464 -6.08906e-05 -5.45171e-05
1.95 1.75 0.000330283 -3.4273e-05 -8.18798e-05
2 1.75 0.000330283 0 0

0 1.8 -0.000325852 0 0
0.05 1.8 -0.000325852 -4.81348e-05 0.000203476
0.1 1.8 -0.000280594 -8.00618e-05 0.000100907
0.15 1.8 -0.000259471 -7.41377e-05 6.84739e-05
0.2 1.8 -0.000215205 -7.48288e-05 2.86391e-05
0.25 1.8 -0.00018507 -6.18663e-05 1.08073e-05
0.3 1.8 -0.000153208 -5.26121e-05 -1.40873e-06
0.35 1.8 -0.000127766 -4.26058e-05 -7.28737e-06
0.4 1.8 -0.000105768 -3.46067e-05 -1.01298e-05
0.45 1.8 -8.76841e-05 -2.79996e-05 -1.09924e-05
0.5 1.8 -7.25504e-05 -2.28163e-05 -1.08137e-05
0.55 1.8 -5.99987e-05 -1.87471e-05 -1.00404e-05
0.6 1.8 -4.93659e-05 -1.56192e-05 -8.99915e-06
0.65 1.8 -4.03576e-05 -1.31919e-05 -7.82247e-06
0.7 1.8 -3.25208e-05 -1.13528e-05 -6.62454e-06
0.75 1.8 -2.56606e-05 -9.94634e-06 -5.42936e-06
0.8 1.8 -1.94815e-05 -8.91435e-06 -4.27267e-06
0.85 1.8 -1.38469e-05 -8.16633e-06 -3.14641e-06
0.9 1.8 -8.56033e-06 -7.67812e-06 -2.05659e-06
0.95 1.8 -3.50997e-06 -7.40183e-06 -9.88703e-07
1 1.8 1.44519e-06 -7.3366e-06 6.32e-08
1.05 1.8 6.41773e-06 -7.46267e-06 1.11139e-06
1.1 1.8 1.15239e-05 -7.80073e-06 2.16681e-06
1.15 1.8 1.69009e-05 -8.35289e-06 3.23495e-06
1.2 1.8 2.26644e-05 -9.16693e-06 4.32689e-06
1.25 1.8 2.90052e-05 -1.02678e-05 5.43409e-06
1.3 1.8 3.60624e-05 -1.17435e-05 6.55836e-06
1.35 1.8 4.41194e-05 -1.36506e-05 7.65889e-06
1.4 1.8 5.33681e-05 -1.61366e-05 8.70192e-06
1.45 1.8 6.42345e-05 -1.9306e-05 9.56617e-06
1.5 1.8 7.69946e-05 -2.33801e-05 1.01081e-05
1.55 1.8 9.22567e-05 -2.85104e-05 9.99823e-06
1.6 1.8 0.000110344 -3.49701e-05 8.79038e-06
1.65 1.8 0.000132121 -4.2697e-05 5.57628e-06
1.7 1.8 0.000157087 -5.22393e-05 -6.57967e-07
1.75 1.8 0.000187982 -6.09298e-05 -1.30213e-05
1.8 1.8 0.000217059 -7.29827e-05 -3.08184e-05
1.85 1.8 0.00025923 -7.1885e-05 -6.94242e-05
1.9 1.8 0.000279358 -7.70025e-05 -0.000100941
1.95 1.8 0.000322096 -4.60902e-05 -0.000198819
2 1.8 0.000322096 0 0

0 1.85 -0.000596112 0 0
0.05 1.85 -0.000596112 -0.000138463 5.61054e-05
0.1 1.85 -0.000417358 -0.000198214 4.89368e-06
0.15 1.85 -0.000361332 -0.000133182 -2.12985e-06
0.2 1.85 -0.000262978 -0.000119323 -2.03484e-05
0.25 1.85 -0.000211325 -8.34986e-05 -2.36731e-05
0.3 1.85 -0.000163072 -6.47478e-05 -2.61445e-05
0.35 1.85 -0.00012976 -4.79893e-05 -2.52069e-05
0.4 1.85 -0.000103515 -3.6632e-05 -2.32697e-05
0.45 1.85 -8.33929e-05 -2.81918e-05 -2.07689e-05
0.5 1.85 -6.76136e-05 -2.20706e-05 -1.81136e-05
0.55 1.85 -5.49442e-05 -1.75945e-05 -1.55689e-05
0.6 1.85 -4.46809e-05 -1.42749e-05 -1.31736e-05
0.65 1.85 -3.61142e-05 -1.18299e-05 -1.10055e-05
0.7 1.85 -2.8893e-05 -9.9991e-06 -9.01987e-06
0.75 1.85 -2.26126e-05 -8.6574e-06 -7.22577e-06
0.8 1.85 -1.70755e-05 -7.66928e-06 -5.56975e-06
0.85 1.85 -1.20379e-05 -6.98107e-06 -4.03888e-06
0.9 1.85 -7.36832e-06 -6.52408e-06 -2.58896e-06
0.95 1.85 -2.90622e-06 -6.28098e-06 -1.19931e-06
1 1.85 1.45906e-06 -6.22112e-06 1.64099e-07
1.05 1.85 5.8497e-06 -6.35173e-06 1.52705e-06
1.1 1.85 1.03858e-05 -6.66791e-06 2.91592e-06
1.15 1.85 1.51826e-05 -7.20226e-06 4.3629e-06
1.2 1.85 2.04001e-05 -7.97469e-06 5.88807e-06
1.25 1.85 2.61767e-05 -9.05491e-06 7.53198e-06
1.3 1.85 3.27558e-05 -1.04988e-05 9.30539e-06
1.35 1.85 4.03419e-05 -1.244e-05 1.12553e-05
1.4 1.85 4.93339e-05 -1.50024e-05 1.33688e-05
1.45 1.85 6.00834e-05 -1.84368e-05 1.56813e-05
1.5 1.85 7.32752e-05 -2.30112e-05 1.81113e-05
1.55 1.85 8.95874e-05 -2.91829e-05 2.06129e-05
1.6 1.85 0.000110181 -3.75756e-05 2.29277e-05
1.65 1.85 0.000136719 -4.87229e-05 2.46665e-05
1.7 1.85 0.000170048 -6.49195e-05 2.54152e-05
1.75 1.85 0.000217469 -8.28695e-05 2.29453e-05
1.8 1.85 0.000268084 -0.000116734 1.96288e-05
1.85 1.85 0.000362333 -0.000129411 2.40148e-06
1.9 1.85 0.000416367 -0.000190453 -4.2821e-06
1.95 1.85 0.000585802 -0.000132415 -5.25463e-05
2 1.85 0.000585802 0 0

0 1.9 -0.000302296 0 0
0.05 1.9 -0.000302296 -9.59206e-05 0.000726323
0.1 1.9 -0.000240514 -0.00013478 0.000183939
0.15 1.9 -0.000228073 -9.57547e-05 0.000117441
0.2 1.9 -0.000174448 -9.27416e-05 2.12034e-05
0.25 1.9 -0.000149333 -6.40326e-05 -2.51253e-06
0.3 1.9 -0.000117283 -5.05155e-05 -1.72003e-05
0.35 1.9 -9.52209e-05 -3.61006e-05 -2.05731e-05
0.4 1.9 -7.61714e-05 -2.65382e-05 -2.05621e-05
0.45 1.9 -6.14447e-05 -1.9213e-05 -1.87585e-05
0.5 1.9 -4.96182e-05 -1.39859e-05 -1.64682e-05
0.55 1.9 -4.02005e-05 -1.01766e-05 -1.40904e-05
0.6 1.9 -3.25207e-05 -7.42538e-06 -1.18861e-05
0.65 1.9 -2.62117e-05 -5.40773e-06 -9.86705e-06
0.7 1.9 -2.08757e-05 -3.9427e-06 -8.07407e-06
0.75 1.9 -1.63032e-05 -2.8658e-06 -6.45175e-06
0.8 1.9 -1.22593e-05 -2.09704e-06 -4.99244e-06
0.85 1.9 -8.61792e-06 -1.55513e-06 -3.64488e-06
0.9 1.9 -5.23354e-06 -1.20815e-06 -2.3911e-06
0.95 1.9 -2.01579e-06 -1.01837e-06 -1.1931e-06
1 1.9 1.13677e-06 -9.79839e-07 -2.95814e-08
1.05 1.9 4.3079e-06 -1.08045e-06 1.12702e-06
1.1 1.9 7.5838e-06 -1.33449e-06 2.30193e-06
1.15 1.9 1.10648e-05 -1.75035e-06 3.51524e-06
1.2 1.9 1.48451e-05 -2.36747e-06 4.7982e-06
1.25 1.9 1.90689e-05 -3.22014e-06 6.16282e-06
1.3 1.9 2.38656e-05 -4.3898e-06 7.64592e-06
1.35 1.9 2.94641e-05 -5.95681e-06 9.24064e-06
1.4 1.9 3.60705e-05 -8.08033e-06 1.0974e-05
1.45 1.9 4.40605e-05 -1.09331e-05 1.27754e-05
1.5 1.9 5.37759e-05 -1.48181e-05 1.45837e-05
1.55 1.9 6.58272e-05 -2.00636e-05 1.6091e-05
1.6 1.9 8.06413e-05 -2.7286e-05 1.68362e-05
1.65 1.9 9.94844e-05 -3.65792e-05 1.5512e-05
1.7 1.9 0.00012108 -5.03301e-05 1.0483e-05
1.75 1.9 0.000151783 -6.30855e-05 -5.56269e-06
1.8 1.9 0.000175838 -8.98957e-05 -3.09519e-05
1.85 1.9 0.000226219 -9.21636e-05 -0.000124087
1.9 1.9 0.000237818 -0.000128424 -0.000190003
1.95 1.9 0.000295803 -9.08987e-05 -0.000705044
2 1.9 0.000295803 0 0

0 1.95 -0.00137194 0 0
0.05 1.95 -0.00137194 0.00210324 -0.000364192
0.1 1.95 -0.000643538 0.00198618 -0.000267456
0.15 1.95 -0.000547197 0.00249722 -0.000228642
0.2 1.95 -0.000317745 0.00255476 -0.000168557
0.25 1.95 -0.000238982 0.00267205 -0.000132636
0.3 1.95 -0.000162904 0.00271125 -0.000101022
0.35 1.95 -0.000120601 0.00274271 -7.8572e-05
0.4 1.95 -8.97341e-05 0.00275925 -6.13281e-05
0.45 1.95 -6.87157e-05 0.00276996 -4.84259e-05
0.5 1.95 -5.35093e-05 0.00277665 -3.84984e-05
0.55 1.95 -4.21752e-05 0.00278104 -3.08191e-05
0.6 1.95 -3.34839e-05 0.00278399 -2.46983e-05
0.65 1.95 -2.65575e-05 0.00278602 -1.97688e-05
0.7 1.95 -2.09044e-05 0.00278745 -1.56648e-05
0.75 1.95 -1.61176e-05 0.00278845 -1.21998e-05
0.8 1.95 -1.19676e-05 0.00278916 -9.17227e-06
0.85 1.95 -8.24065e-06 0.00278964 -6.47577e-06
0.9 1.95 -4.80565e-06 0.00278994 -3.99009e-06
0.95 1.95 -1.53069e-06 0.00279009 -1.64063e-06
1 1.95 1.68363e-06 0.00279011 6.55096e-07
1.05 1.95 4.93946e-06 0.00278999 2.9657e-06
1.1 1.95 8.34081e-06 0.00278972 5.36155e-06
1.15 1.95 1.19939e-05 0.00278929 7.92548e-06
1.2 1.95 1.60418e-05 0.00278867 1.07362e-05
1.25 1.95 2.06323e-05 0.00278778 1.3916e-05
1.3 1.95 2.60012e-05 0.00278656 1.75776e-05
1.35 1.95 3.24061e-05 0.00278486 2.19246e-05
1.4 1.95 4.02865e-05 0.0027825 2.715e-05
1.45 1.95 5.01676e-05 0.00277913 3.36157e-05
1.5 1.95 6.29509e-05 0.00277425 4.16871e-05
1.55 1.95 7.98614e-05 0.002767 5.20278e-05
1.6 1.95 0.00010279 0.00275575 6.53296e-05
1.65 1.95 0.000135472 0.0027388 8.2869e-05
1.7 1.95 0.000179552 0.00270785 0.000105427
1.75 1.95 0.000255035 0.00266948 0.00013665
1.8 1.95 0.000334033 0.00255855 0.000171872
1.85 1.95 0.000551987 0.00250514 0.00022965
1.9 1.95 0.000645376 0.00202226 0.000267001
1.95 1.95 0.00133164 0.00214072 0.000359333
2 1.95 0.00133164 0 0

0 2 0 0 0
0.05 2 0 1 0
0.1 2 0 1 0
0.15 2 0 1 0
0.2 2 0 1 0
0.25 2 0 1 0
0.3 2 0 1 0
0.35 2 0 1 0
0.4 2 0 1 0
0.45 2 0 1 0
0.5 2 0 1 0
0.55 2 0 1 0
0.6 2 0 1 0
0.65 2 0 1 0
0.7 2 0 1 0
0.75 2 0 1 0
0.8 2 0 1 0
0.85 2 0 1 0
0.9 2 0 1 0
0.95 2 0 1 0
1 2 0 1 0
1.05 2 0 1 0
1.1 2 0 1 0
1.15 2 0 1 0
1.2 2 0 1 0
1.25 2 0 1 0
1.3 2 0 1 0
1.35 2 0 1 0
1.4 2 0 1 0
1.45 2 0 1 0
1.5 2 0 1 0
1.55 2 0 1 0
1.6 2 0 1 0
1.65 2 0 1 0
1.7 2 0 1 0
1.75 2 0 1 0
1.8 2 0 1 0
1.85 2 0 1 0
1.9 2 0 1 0
1.95 2 0 1 0
2 2 0 0 0

